OPENBVE
#ACCELERATION
0.99,0.99,75,90,3.809861
1.98,1.98,75,90,3.809861
2.97,2.97,75,90,3.809861
3.96,3.96,75,90,4
#PERFORMANCE
3.3            ; Deceleration
0.35           ; CoefficientOfStaticFriction
0              ; Reserved (not used)
0.0025         ; CoefficientOfRollingResistance
1.2            ; AerodynamicDragCoefficient
#DELAY
0.1            ; DelayPowerUp
0.1            ; DelayPowerDown
0.1            ; DelayBrakeUp
0.1            ; DelayBrakeDown
#MOVE
1200           ; JerkPowerUp
1200           ; JerkPowerDown
3000           ; JerkBrakeUp
3000           ; JerkBrakeDown
203            ; BrakeCylinderUp
209            ; BrakeCylinderDown
#BRAKE
1              ; BrakeType
2              ; BrakeControlSystem
1              ; BrakeControlSpeed
#PRESSURE
400            ; BrakeCylinderServiceMaximumPressure
465            ; BrakeCylinderEmergencyMaximumPressure
686            ; MainReservoirMinimumPressure
834            ; MainReservoirMaximumPressure
630.75         ; BrakePipeNormalPressure
#HANDLE
1              ; HandleType
4              ; PowerNotches
7              ; BrakeNotches
0              ; PowerNotchReduceSteps
#CAB
0              ; X
2700           ; Y
-800           ; Z
0              ; DriverCar
#CAR
37             ; MotorCarMass
4              ; NumberOfMotorCars
37             ; TrailerCarMass
3              ; NumberOfTrailerCars
22.5           ; LengthOfACar
0              ; FrontCarIsAMotorCar
3.1            ; WidthOfACar
3.2            ; HeightOfACar
1.5            ; CenterOfGravityHeight
5              ; ExposedFrontalArea
1.6            ; UnexposedFrontalArea
#DEVICE
-1             ; Ats
0              ; Atc
0              ; Eb
1              ; ConstSpeed
0              ; HoldBrake
0              ; ReAdhesionDevice
0              ; Reserved (not used)
0              ; PassAlarm
2              ; DoorOpenMode
2              ; DoorCloseMode
#MOTOR_P1
2,124.752471923828,63.3663366336634
2,127.172714257223,95.0495071411133
2,128.712875366211,96.1221143272126
2,131.053108907831,97.194721513312
2,133.39334244945,98.2673286994114
2,135.73357599107,99.3399358855107
2,138.07380953269,100.41254307161
2,140.414043074309,101.485150257709
2,142.754276615929,102.557757443809
2,145.094510157549,103.630364629908
2,147.434743699168,104.702971816008
2,149.774977240788,105.775579002107
2,152.115210782408,106.848186188206
2,154.455444324027,107.920793374306
2,162.604723225974,108.993400560405
2,164.965728667759,110.066007746504
2,167.326734109544,111.138614932604
2,169.687739551329,112.211222118703
2,172.048744993114,113.283829304802
2,174.4097504349,114.356436490902
2,176.770755876685,115.429043677001
2,179.13176131847,116.501650863101
2,181.492766760255,117.5742580492
2,183.85377220204,118.646865235299
2,186.214777643825,119.719472421399
2,188.575783085611,120.792079607498
2,190.936788527396,121.848184824501
2,193.297793969181,121.914191431181
2,195.658799410966,121.98019803786
2,198.019804852751,122.04620464454
2,200,122.11221125122
2,200,122.178217857899
2,200,122.244224464579
2,200,122.310231071258
2,200,122.376237677938
2,200,122.442244284617
2,200,122.508250891297
2,200,122.574257497976
2,200,122.640264104656
2,200,122.706270711335
2,200,122.772277318015
2,200,122.838283924695
2,200,122.904290531374
2,200,122.970297138054
2,200,123.036303744733
2,200,123.102310351413
2,200,123.168316958092
2,200,123.234323564772
2,200,123.300330171451
2,200,123.366336778131
2,200,123.432343384811
2,200,123.49834999149
2,200,123.56435659817
2,200,123.630363204849
2,200,123.696369811529
2,200,123.762376418208
2,200,123.828383024888
2,200,123.894389631567
2,200,123.960396238247
2,200,124.026402844927
2,200,124.092409451606
2,200,124.158416058286
2,200,124.224422664965
2,200,124.290429271645
2,200,124.356435878324
2,200,124.422442485004
2,200,124.488449091683
2,200,124.554455698363
2,200,124.620462305042
2,200,124.686468911722
2,200,124.752475518402
2,200,124.818482125081
2,200,124.884488731761
2,200,124.95049533844
2,200,125.01650194512
2,200,125.082508551799
2,200,125.148515158479
2,200,125.214521765158
2,200,125.280528371838
2,200,125.346534978518
2,200,125.412541585197
2,200,125.478548191877
2,200,125.544554798556
2,200,125.610561405236
2,200,125.676568011915
2,200,125.742574618595
2,200,125.808581225274
2,200,125.874587831954
2,200,125.940594438633
2,200,126.006601045313
2,200,126.072607651993
2,200,126.138614258672
2,200,126.204620865352
2,200,126.270627472031
2,200,126.336634078711
2,200,126.40264068539
2,200,126.46864729207
2,200,126.534653898749
2,200,126.600660505429
2,200,126.666667112109
2,200,126.732673718788
2,200,127
2,200,127
2,200,127
2,200,127
2,200,127
2,200,127
2,200,127
2,200,127
2,200,127
2,200,127
2,200,127
2,200,127
2,200,127
2,200,127
2,200,127
2,200,127
2,200,127
2,200,127
2,200,127
2,200,127
2,200,127
2,200,127
2,200,127
2,200,127
2,200,127
2,200,126.73267364502
2,200,126.732673639209
2,200,126.732673633398
2,200,126.732673627588
2,200,126.732673621777
2,200,126.732673615966
2,200,126.732673610156
2,200,126.732673604345
2,200,126.732673598534
2,200,126.732673592724
2,200,126.732673586913
2,200,126.732673581102
2,200,126.732673575292
2,200,126.732673569481
2,200,126.73267356367
2,200,126.73267355786
2,200,126.732673552049
2,200,126.732673546238
2,200,126.732673540428
2,200,126.732673534617
2,200,126.732673528806
2,200,126.732673522996
2,200,126.732673517185
2,200,126.732673511374
2,200,126.732673505564
2,200,126.732673499753
2,200,126.732673493942
2,200,126.732673488132
2,200,126.732673482321
2,200,126.73267364502
2,200,126.732673634228
2,200,126.732673623437
2,200,126.732673612646
2,200,126.732673601855
2,200,126.732673591063
2,200,126.732673580272
2,200,126.732673569481
2,200,126.73267355869
2,200,126.732673547899
2,200,126.732673537107
2,200,126.732673526316
2,200,126.732673515525
2,200,126.732673504734
2,200,126.732673493942
2,200,126.732673483151
2,200,126.73267347236
2,200,126.732673461569
2,200,126.732673450777
2,200,126.732673439986
2,200,126.732673429195
2,200,126.732673418404
2,200,126.732673407613
2,200,126.732673396821
2,200,126.73267338603
2,200,126.732673375239
2,200,126.732673364448
2,200,126.732673353656
2,200,126.732673342865
2,200,126.732673332074
2,95.049504950495,126.732673321283
2,95.5295528348865,126.732673310492
2,79.2079207920792,126.7326732997
4,87.1287128712871,125.742576599121
4,87.52194372931,122.772277227723
4,87.9151745873329,124.752471923828
4,88.3084054453558,124.371665197552
4,88.7016363033787,123.990858471276
4,89.0948671614016,123.610051745
4,89.4880980194245,123.229245018724
4,89.8813288774473,122.848438292448
4,90.2745597354702,122.467631566172
4,90.6677905934931,122.086824839895
4,91.061021451516,121.706018113619
4,91.4542523095389,121.325211387343
4,91.8474831675618,120.944404661067
4,92.2407140255847,120.563597934791
4,92.6339448836076,120.182791208515
4,93.0271757416305,119.801984482239
4,93.4204065996533,118.811882019043
4,93.8136374576762,107.326733249957
4,94.2068683156991,95.8415844808711
4,94.600099173722,84.3564357117851
4,94.9933300317449,72.8712869426992
4,95.3865608897678,61.3861381736132
4,95.7797917477907,49.9009894045273
4,96.1730226058136,38.4158406354413
4,96.5662534638365,26.9306918663553
4,96.9594843218594,15.4455430972694
4,97.3527151798822,3.96039432818344
4,97.7459460379051,2.93429342902104
4,98.139176895928,2.91629162868007
4,98.5324077539509,2.89828982833911
4,98.9256386119738,2.88028802799814
4,99.3188694699967,2.86228622765717
4,99.7121003280196,2.84428442731621
4,100.105331186042,2.82628262697524
4,100.498562044065,2.80828082663427
4,100.891792902088,2.79027902629331
4,101.285023760111,2.77227722595234
4,101.678254618134,2.75427542561137
4,102.071485476157,2.73627362527041
4,102.46471633418,2.71827182492944
4,102.857947192203,2.70027002458847
4,103.251178050226,2.6822682242475
4,103.644408908248,2.66426642390654
4,104.037639766271,2.64626462356557
4,104.430870624294,2.6282628232246
4,104.824101482317,2.61026102288364
4,105.21733234034,2.59225922254267
4,105.610563198363,2.5742574222017
4,106.003794056386,2.55625562186074
4,106.397024914409,2.53825382151977
4,106.790255772432,2.5202520211788
4,107.183486630454,2.50225022083784
4,107.576717488477,2.48424842049687
4,107.9699483465,2.4662466201559
4,108.363179204523,2.44824481981494
4,108.756410062546,2.43024301947397
4,109.149640920569,2.412241219133
4,109.542871778592,2.39423941879204
4,109.936102636615,2.37623761845107
4,110.329333494638,2.3582358181101
4,110.72256435266,2.34023401776914
4,111.115795210683,2.32223221742817
4,111.509026068706,2.3042304170872
4,111.902256926729,2.28622861674624
4,112.295487784752,2.26822681640527
4,112.688718642775,2.2502250160643
4,113.081949500798,2.23222321572334
4,113.475180358821,2.21422141538237
4,113.868411216844,2.1962196150414
4,114.261642074866,2.17821781470044
4,114.654872932889,2.16021601435947
4,115.048103790912,2.1422142140185
4,115.441334648935,2.12421241367753
4,115.834565506958,2.10621061333657
4,116.227796364981,2.0882088129956
4,116.621027223004,2.07020701265463
4,117.014258081027,2.05220521231367
4,117.40748893905,2.0342034119727
4,117.800719797072,2.01620161163173
4,118.193950655095,1.99819981129077
4,118.587181513118,1.9801980109498
4,118.980412371141,1.98019802340843
4,119.373643229164,1.98019802335378
4,119.766874087187,1.98019802329914
4,120.16010494521,1.9801980232445
4,120.553335803233,1.98019802318985
4,120.946566661256,1.98019802313521
4,121.339797519278,1.98019802308057
4,121.733028377301,1.98019802302593
4,122.126259235324,1.98019802297128
4,122.519490093347,1.98019802291664
4,122.91272095137,1.980198022862
4,123.305951809393,1.98019802280735
4,123.699182667416,1.98019802275271
4,124.092413525439,1.98019802269807
4,124.485644383462,1.98019802264342
4,124.878875241484,1.98019802258878
4,125.272106099507,1.98019802253414
4,125.66533695753,1.9801980224795
4,126.058567815553,1.98019802242485
4,126.451798673576,1.98019802237021
4,126.845029531599,1.98019802231557
4,127.238260389622,1.98019802226092
4,127.631491247645,1.98019802220628
4,128.024722105668,1.98019802215164
4,128.41795296369,1.980198022097
4,128.811183821713,1.98019802204235
4,129.204414679736,1.98019802198771
4,129.597645537759,1.98019802193307
4,129.990876395782,1.98019802187842
4,130.384107253805,1.98019802182378
4,130.777338111828,1.98019802176914
4,131.170568969851,1.98019802171449
4,131.563799827874,1.98019802165985
4,131.957030685896,1.98019802160521
4,132.350261543919,1.98019802155057
4,132.743492401942,1.98019802149592
4,133.136723259965,1.98019802144128
4,133.529954117988,1.98019802138664
4,133.923184976011,1.98019802133199
4,134.316415834034,1.98019802127735
4,134.709646692057,1.98019802122271
4,135.10287755008,1.98019802116806
4,135.496108408102,1.98019802111342
4,135.889339266125,1.98019802105878
4,136.282570124148,1.98019802100414
4,136.675800982171,1.98019802094949
4,137.069031840194,1.98019802089485
4,137.462262698217,1.98019802084021
4,137.85549355624,1.98019802078556
4,138.248724414263,1.98019802073092
4,138.641955272286,1.98019802067628
4,139.035186130308,1.98019802062164
4,139.428416988331,1.98019802056699
4,139.821647846354,1.98019802051235
4,140.214878704377,1.98019802045771
4,140.6081095624,1.98019802040306
4,141.001340420423,1.98019802034842
4,141.394571278446,1.98019802029378
4,141.787802136469,1.98019802023913
4,142.181032994492,1.98019802018449
0,142.574263852514,1.98019802012985
0,143.653128022251,1.98019802007521
0,144.103793807077,1.98019802002056
0,144.554459591903,1.98019801996592
0,100,1.98019801991128
0,100,1.98019801985663
0,100,1.98019801980199
0,100,0
0,100,0
0,100,0
0,100,0
0,100,0
0,100,0
0,100,0
0,100,0
0,100,0
0,100,0
0,100,0
0,100,0
0,100,0
0,100,0
0,100,0
0,100,0
0,100,0
0,100,0
0,100,0
0,100,0
0,100,0
0,100,0
0,100,0
0,100,0
0,100,0
0,100,0
0,100,0
0,100,0
0,100,0
0,100,0
0,100,0
0,100,0
0,100,0
0,100,0
0,100,0
0,100,0
0,100,0
0,100,0
0,100,0
0,100,0
0,100,0
0,100,0
0,100,0
0,100,0
0,100,0
0,100,0
0,100,0
0,100,0
0,100,0
0,100,0
0,100,0
0,100,0
0,100,0
0,100,0
0,100,0
0,100,0
0,100,0
0,100,0
0,100,0
0,100,0
0,100,0
0,100,0
0,100,0
0,100,0
0,100,0
0,100,0
0,100,0
0,100,0
0,100,0
0,100,0
0,100,0
0,100,0
0,100,0
0,100,0
0,100,0
0,100,0
0,100,0
0,100,0
0,100,0
0,100,0
0,100,0
0,100,0
0,100,0
0,100,0
0,100,0
0,100,0
0,100,0
0,100,0
0,100,0
0,100,0
0,100,0
0,100,0
0,100,0
0,100,0
0,100,0
0,100,0
0,100,0
0,100,0
0,100,0
0,100,0
0,100,0
0,100,0
0,100,0
0,100,0
0,100,0
0,100,0
0,100,0
0,100,0
0,100,0
0,100,0
0,100,0
0,100,0
0,100,0
0,100,0
0,100,0
0,100,0
0,100,0
0,100,0
0,100,0
0,100,0
0,100,0
0,100,0
0,100,0
0,100,0
0,100,0
0,100,0
0,100,0
0,100,0
0,100,0
0,100,0
0,100,0
0,100,0
0,100,0
0,100,0
0,100,0
0,100,0
0,100,0
0,100,0
0,100,0
0,100,0
0,100,0
0,100,0
0,100,0
0,100,0
0,100,0
0,100,0
0,100,0
0,100,0
0,100,0
0,100,0
0,100,0
0,100,0
0,100,0
0,100,0
0,100,0
0,100,0
0,100,0
0,100,0
0,100,0
0,100,0
0,100,0
0,100,0
0,100,0
0,100,0
0,100,0
0,100,0
0,100,0
0,100,0
0,100,0
0,100,0
0,100,0
0,100,0
0,100,0
0,100,0
0,100,0
0,100,0
0,100,0
0,100,0
0,100,0
0,100,0
0,100,0
0,100,0
0,100,0
0,100,0
0,100,0
0,100,0
0,100,0
0,100,0
0,100,0
0,100,0
0,100,0
0,100,0
0,100,0
0,100,0
0,100,0
0,100,0
0,100,0
0,100,0
0,100,0
0,100,0
0,100,0
0,100,0
0,100,0
0,100,0
0,100,0
0,100,0
0,100,0
0,100,0
0,100,0
0,100,0
0,100,0
0,100,0
0,100,0
0,100,0
0,100,0
0,100,0
0,100,0
0,100,0
0,100,0
0,100,0
0,100,0
0,100,0
0,100,0
0,100,0
0,100,0
0,100,0
0,100,0
0,100,0
0,100,0
0,100,0
0,100,0
0,100,0
0,100,0
0,100,0
0,100,0
0,100,0
0,100,0
0,100,0
0,100,0
0,100,0
0,100,0
0,100,0
0,100,0
0,100,0
0,100,0
0,100,0
0,100,0
0,100,0
0,100,0
0,100,0
0,100,0
0,100,0
0,100,0
0,100,0
0,100,0
0,100,0
0,100,0
0,100,0
0,100,0
0,100,0
0,100,0
0,100,0
0,100,0
0,100,0
0,100,0
0,100,0
0,100,0
0,100,0
0,100,0
0,100,0
0,100,0
0,100,0
0,100,0
0,100,0
0,100,0
0,100,0
0,100,0
0,100,0
0,100,0
0,100,0
0,100,0
0,100,0
0,100,0
0,100,0
0,100,0
0,100,0
0,100,0
0,100,0
0,100,0
0,100,0
0,100,0
0,100,0
0,100,0
0,100,0
0,100,0
0,100,0
0,100,0
0,100,0
0,100,0
0,100,0
0,100,0
0,100,0
0,100,0
0,100,0
0,100,0
0,100,0
0,100,0
0,100,0
0,100,0
0,100,0
0,100,0
0,100,0
0,100,0
0,100,0
0,100,0
0,100,0
0,100,0
0,100,0
0,100,0
0,100,0
0,100,0
0,100,0
0,100,0
0,100,0
0,100,0
0,100,0
0,100,0
0,100,0
0,100,0
0,100,0
0,100,0
0,100,0
0,100,0
0,100,0
0,100,0
0,100,0
0,100,0
0,100,0
0,100,0
0,100,0
0,100,0
0,100,0
0,100,0
0,100,0
0,100,0
0,100,0
0,100,0
0,100,0
0,100,0
0,100,0
0,100,0
0,100,0
0,100,0
0,100,0
0,100,0
0,100,0
0,100,0
0,100,0
0,100,0
0,100,0
0,100,0
0,100,0
0,100,0
0,100,0
0,100,0
0,100,0
0,100,0
0,100,0
0,100,0
0,100,0
0,100,0
0,100,0
0,100,0
0,100,0
0,100,0
0,100,0
0,100,0
0,100,0
0,100,0
0,100,0
0,100,0
0,100,0
0,100,0
0,100,0
0,100,0
0,100,0
0,100,0
0,100,0
0,100,0
0,100,0
0,100,0
0,100,0
0,100,0
0,100,0
0,100,0
0,100,0
0,100,0
0,100,0
0,100,0
0,100,0
0,100,0
0,100,0
0,100,0
0,100,0
0,100,0
0,100,0
0,100,0
0,100,0
0,100,0
0,100,0
0,100,0
0,100,0
0,100,0
0,100,0
0,100,0
0,100,0
0,100,0
0,100,0
0,100,0
0,100,0
0,100,0
0,100,0
0,100,0
0,100,0
0,100,0
0,100,0
0,100,0
0,100,0
0,100,0
0,100,0
0,100,0
0,100,0
0,100,0
0,100,0
0,100,0
0,100,0
0,100,0
0,100,0
0,100,0
0,100,0
0,172,127
0,173,127
0,173,127
0,173,127
0,173,127
0,174,127
0,174,127
0,174,127
0,174,127
0,174,127
0,175,127
0,175,127
0,175,127
0,175,127
0,176,127
0,176,127
0,176,127
0,176,127
0,176,127
0,177,127
0,177,127
0,177,127
0,177,127
0,178,127
#MOTOR_P2
0,100,25
0,100,25
0,100,25
0,100,25
0,100,25
0,100,25
0,100,25
0,100,25
0,100,25
0,100,25
0,100,25
0,100,25
0,100,25
0,100,25
0,100,25
0,100,25
0,100,25
0,100,25
0,100,25
0,100,25
0,100,25
0,100,25
0,100,25
0,100,25
0,100,25
0,100,25
0,100,25
0,100,25
0,100,25
0,100,25
0,100,25
0,100,25
0,100,25
0,100,25
0,100,25
0,100,25
0,100,25
0,100,25
0,100,25
0,100,25
0,100,25
0,100,7.60869550704956
1,30,7.95376105229436
1,32,6.52173900604248
1,34,7.60869550704956
1,36,7.95932661982617
1,38,8.30995773260278
1,40,8.66058884537938
1,41,9.01121995815599
1,42,9.3618510709326
1,43,9.71248218370921
1,44,10.0631132964858
1,45,10.4137444092624
1,46,10.764375522039
1,47,11.1150066348156
1,48,11.4656377475922
1,49,11.8162688603689
1,50,12.1668999731455
1,50,12.5175310859221
1,51,12.8681621986987
1,52,13.2187933114753
1,53,13.5694244242519
1,54,13.9200555370285
1,54,14.2706866498051
1,55,14.6213177625817
1,56,14.9719488753583
1,57,15.3225799881349
1,58,15.6732111009115
1,58,16.0238422136881
1,59,16.3744733264648
1,60,16.7251044392414
1,61,17.075735552018
1,62,17.4263666647946
1,62,17.7769977775712
1,63,18.1276288903478
1,64,18.4782600031244
1,65,18.828891115901
1,65,19.1795222286776
1,66,19.5301533414542
1,67,19.8807844542308
1,68,20.2314155670074
1,68,20.582046679784
1,69,20.9326777925607
1,70,21.2833089053373
1,71,21.6339400181139
1,71,21.9845711308905
1,72,22.3352022436671
1,73,22.6858333564437
1,73,23.0364644692203
1,74,23.3870955819969
1,75,23.7377266947735
1,75,24.0883578075501
1,76,24.4389889203267
1,77,24.7896200331033
1,77,25.1402511458799
1,78,25.4908822586565
1,79,25.8415133714332
1,79,26.1921444842098
1,80,26.5427755969864
1,81,26.893406709763
1,81,27.2440378225396
1,82,27.5946689353162
1,83,27.9453000480928
1,83,28.2959311608694
1,84,28.646562273646
1,85,28.9971933864226
1,85,29.3478244991992
1,86,29.6984556119758
1,87,30.0490867247524
1,87,30.3997178375291
1,88,30.7503489503057
1,89,31.1009800630823
1,89,31.4516111758589
1,90,31.8022422886355
1,91,32.1528734014121
1,91,32.5035045141887
1,92,32.8541356269653
1,92,33.2047667397419
1,93,33.5553978525185
1,93,33.9060289652952
1,94,34.2566600780718
1,94,34.6072911908484
1,95,34.957922303625
1,95,35.3085534164016
1,96,35.6591845291782
1,96,36.0098156419548
1,97,36.3604467547314
1,98,36.711077867508
1,97,37.0617089802846
1,98,37.4123400930613
1,99,37.7629712058379
1,99,38.1136023186145
1,100,38.4642334313911
1,100,38.8148645441677
1,101,39.1654956569443
1,102,39.5161267697209
1,102,39.8667578824975
1,103,40.2173889952741
1,104,40.5680201080508
1,104,40.9186512208274
1,105,41.269282333604
1,106,41.6199134463806
1,106,41.9705445591572
1,107,42.3211756719338
1,108,42.6718067847104
1,108,43.022437897487
1,109,43.3730690102636
1,110,43.7237001230403
1,110,44.0743312358169
1,111,44.4249623485935
1,112,44.7755934613701
1,113,45.1262245741467
1,114,45.4768556869233
1,115,45.8274867996999
1,116,46.1781179124765
1,117,46.5287490252531
1,118,46.8793801380298
1,119,47.2300112508064
1,120,47.580642363583
1,121,47.9312734763596
1,121,48.2819045891362
1,122,48.6325357019128
1,122,48.9831668146894
1,123,49.333797927466
1,123,49.6844290402426
1,124,50.0350601530193
1,124,50.3856912657959
1,125,2.17391300201416
3,135,2.08074529994719
3,132.608688354492,1.98757759788022
3,132.653665916736,1.89440989581324
3,132.698643478979,1.80124219374627
3,132.743621041223,1.7080744916793
3,132.788598603466,1.61490678961233
3,132.833576165709,1.52173908754536
3,132.878553727953,1.42857138547839
3,132.923531290196,1.33540368341141
3,132.96850885244,1.24223598134444
3,133.013486414683,1.14906827927747
3,133.058463976927,1.08695650100708
3,133.10344153917,1.04070303925699
3,133.148419101414,0.994449577506905
3,133.193396663657,0.948196115756818
3,133.2383742259,0.90194265400673
3,133.283351788144,0.855689192256643
3,133.328329350387,0.809435730506555
3,133.373306912631,0.763182268756468
3,133.418284474874,0.71692880700638
3,133.463262037118,0.670675345256293
3,133.508239599361,0.624421883506205
3,133.553217161605,0.578168421756118
3,133.598194723848,0.53191496000603
3,133.643172286091,0.485661498255943
3,133.688149848335,0.439408036505855
3,133.733127410578,0.393154574755767
3,133.778104972822,0.34690111300568
3,133.823082535065,0.300647651255592
3,133.868060097309,0.254394189505505
3,133.913037659552,0.208140727755417
3,133.958015221796,0.16188726600533
3,134.002992784039,0.115633804255242
3,134.047970346282,0.0693803425051548
3,134.092947908526,0.0231268807550673
3,134.137925470769,0
3,134.182903033013,0
3,134.227880595256,0
3,134.2728581575,0
3,134.317835719743,0
3,134.362813281987,0
3,134.40779084423,0
3,134.452768406473,0
3,134.497745968717,0
3,134.54272353096,0
3,134.587701093204,0
3,134.632678655447,0
3,134.677656217691,0
3,134.722633779934,0
3,134.767611342178,0
3,134.812588904421,0
3,134.857566466664,0
3,134.902544028908,0
3,134.947521591151,0
3,134.992499153395,0
3,135.037476715638,0
3,135.082454277882,0
3,135.127431840125,0
3,135.172409402369,0
3,135.217386964612,0
3,135.262364526855,0
3,135.307342089099,0
3,135.352319651342,0
3,135.397297213586,0
3,135.442274775829,8.30472199897514E-08
3,135.487252338073,0.155279598016696
3,135.532229900316,0.310559112986172
3,135.57720746256,0.465838627955649
3,135.622185024803,0.621118142925125
3,135.667162587047,0.776397657894601
3,135.71214014929,0.931677172864077
3,135.757117711533,1.08695668783355
3,135.802095273777,1.24223620280303
3,135.84707283602,1.39751571777251
3,135.892050398264,1.55279523274198
3,135.937027960507,1.70807474771146
3,135.982005522751,1.86335426268093
3,136.026983084994,2.01863377765041
3,136.071960647238,2.17391329261989
3,136.116938209481,2.32919280758936
3,136.161915771724,2.48447232255884
3,136.206893333968,2.63975183752831
3,136.251870896211,2.79503135249779
3,136.296848458455,2.95031086746727
3,136.341826020698,3.10559038243674
3,136.386803582942,3.26086989740622
3,136.431781145185,3.41614941237569
3,136.476758707429,3.57142892734517
3,136.521736269672,3.72670844231465
3,136.566713831915,3.88198795728412
3,136.611691394159,4.0372674722536
3,136.656668956402,4.19254698722308
3,136.701646518646,4.34782650219255
3,136.746624080889,4.50310601716203
3,136.791601643133,4.6583855321315
3,136.836579205376,4.81366504710098
3,136.88155676762,4.96894456207046
3,136.926534329863,5.12422407703993
3,136.971511892106,5.27950359200941
3,137.01648945435,5.43478310697888
3,137.061467016593,5.59006262194836
3,137.106444578837,5.74534213691784
3,137.15142214108,5.90062165188731
3,137.196399703324,6.05590116685679
3,137.241377265567,6.21118068182627
3,137.286354827811,6.36646019679574
3,137.331332390054,6.52173971176522
3,137.376309952297,7.16928737469936
3,137.421287514541,7.28492102576628
3,137.466265076784,7.40055467683319
3,137.511242639028,7.51618832790011
3,137.556220201271,7.63182197896702
3,137.601197763515,7.74745563003393
3,137.646175325758,7.86308928110085
3,137.691152888002,7.97872293216776
3,137.736130450245,8.09435658323468
3,137.781108012488,8.20999023430159
3,137.826085574732,8.32562388536851
3,136.956527709961,8.44125753643542
3,137.123040161956,8.55689118750234
3,137.289552613952,8.67252483856925
3,137.456065065947,8.78815848963617
3,137.622577517942,8.90379214070308
3,137.789089969937,9.01942579177
3,137.955602421933,9.13505944283691
3,138.122114873928,9.25069309390383
3,138.288627325923,9.36632674497074
3,138.455139777919,9.48196039603766
3,138.621652229914,9.59759404710457
3,138.788164681909,9.71322769817149
3,138.954677133904,9.8288613492384
3,139.1211895859,9.94449500030532
3,139.287702037895,10.0601286513722
3,139.45421448989,10.1757623024391
3,139.620726941886,10.2913959535061
3,139.787239393881,10.407029604573
3,139.953751845876,10.5226632556399
3,140.120264297871,10.6382969067068
3,140.286776749867,10.7539305577737
3,140.453289201862,10.8695642088406
3,140.619801653857,11.3245706629064
3,140.786314105853,11.4256829188622
3,140.952826557848,11.5267951748179
3,141.119339009843,11.6279074307737
3,141.285851461838,11.7290196867294
3,141.452363913834,11.8301319426852
3,141.618876365829,11.931244198641
3,141.785388817824,12.0323564545967
3,141.95190126982,12.1334687105525
3,142.118413721815,12.2345809665082
3,142.28492617381,12.335693222464
3,142.451438625805,12.4368054784198
3,142.617951077801,12.5379177343755
3,142.784463529796,12.6390299903313
3,142.950975981791,12.740142246287
3,143.117488433787,12.8412545022428
3,143.284000885782,12.9423667581986
3,143.450513337777,13.0434790141543
3,143.617025789772,13.1445912701101
3,143.783538241768,13.2457035260659
3,143.950050693763,13.3468157820216
3,144.116563145758,13.4479280379774
3,144.283075597754,13.5490402939331
3,144.449588049749,13.6501525498889
3,144.616100501744,13.7512648058447
3,144.782612953739,13.8523770618004
3,144.949125405735,13.9534893177562
3,145.11563785773,14.0546015737119
3,145.282150309725,14.1557138296677
3,145.448662761721,14.2568260856235
3,145.615175213716,14.3579383415792
3,145.781687665711,14.459050597535
3,145.948200117707,14.5601628534907
3,146.114712569702,14.6612751094465
3,146.281225021697,14.7623873654023
3,146.447737473692,14.863499621358
3,146.614249925688,14.9646118773138
3,146.780762377683,15.0657241332695
3,146.947274829678,15.1668363892253
3,147.113787281674,15.2679486451811
3,147.280299733669,15.3690609011368
3,147.446812185664,15.4701731570926
3,147.613324637659,15.5712854130483
3,147.779837089655,15.6723976690041
3,147.94634954165,15.7735099249599
3,148.112861993645,15.8746221809156
3,148.279374445641,15.9757344368714
3,148.445886897636,16.0768466928271
3,148.612399349631,16.1779589487829
3,148.778911801626,16.2790712047387
3,148.945424253622,16.3801834606944
3,149.111936705617,16.4812957166502
3,149.278449157612,16.5824079726059
3,149.444961609608,16.6835202285617
3,149.611474061603,16.7846324845174
3,149.777986513598,16.8857447404732
3,149.944498965593,16.986856996429
3,150.111011417589,17.0879692523847
3,150.277523869584,17.1890815083405
3,150.444036321579,17.2901937642962
3,150.610548773575,17.391306020252
3,150.77706122557,17.6974884514815
3,150.943573677565,17.7434161818034
3,151.11008612956,17.7893439121253
3,151.276598581556,17.8352716424472
3,151.443111033551,17.8811993727691
3,151.609623485546,17.927127103091
3,151.776135937542,17.9730548334129
3,151.942648389537,18.0189825637348
3,152.109160841532,18.0649102940566
3,152.275673293527,18.1108380243785
3,152.442185745523,18.1567657547004
3,152.608698197518,18.2026934850223
3,152.775210649513,18.2486212153442
3,152.941723101509,18.2945489456661
3,153.108235553504,18.340476675988
3,153.274748005499,18.3864044063099
3,153.441260457494,18.4323321366318
3,153.60777290949,18.4782598669537
3,153.774285361485,18.8257307463514
3,153.94079781348,18.8346402303715
3,154.107310265476,18.8435497143917
3,154.273822717471,18.8524591984119
3,154.440335169466,18.861368682432
3,154.606847621461,18.8702781664522
3,154.773360073457,18.8791876504723
3,154.939872525452,18.8880971344925
3,155.106384977447,18.8970066185126
3,155.272897429443,18.9059161025328
3,155.439409881438,18.914825586553
3,155.605922333433,18.9237350705731
3,155.772434785429,18.9326445545933
3,155.938947237424,18.9415540386134
3,156.105459689419,18.9504635226336
3,156.271972141414,18.9593730066538
3,156.43848459341,18.9682824906739
3,156.604997045405,18.9771919746941
3,156.7715094974,18.9861014587142
3,156.938021949396,18.9950109427344
3,157.104534401391,19.0039204267545
3,157.271046853386,19.0128299107747
3,157.437559305381,19.0217393947949
3,157.604071757377,19.030648878815
3,157.770584209372,19.0395583628352
3,157.937096661367,19.0484678468553
3,158.103609113363,19.0573773308755
3,158.270121565358,19.0662868148957
3,158.436634017353,19.0751962989158
3,158.603146469348,19.084105782936
3,158.769658921344,19.0930152669561
3,158.936171373339,19.1019247509763
3,159.102683825334,19.1108342349964
3,159.26919627733,19.1197437190166
3,159.435708729325,19.1286532030368
3,159.60222118132,19.1375626870569
3,159.768733633315,19.1464721710771
3,159.935246085311,19.1553816550972
3,160.101758537306,19.1642911391174
3,160.268270989301,19.1732006231376
3,160.434783441297,19.1821101071577
3,160.601295893292,19.1910195911779
3,160.767808345287,19.199929075198
3,160.934320797282,19.2088385592182
3,161.100833249278,19.2177480432383
3,161.267345701273,19.2266575272585
3,161.433858153268,19.2355670112787
3,161.600370605264,19.2444764952988
3,161.766883057259,19.253385979319
3,161.933395509254,19.2622954633391
3,162.099907961249,19.2712049473593
3,162.266420413245,19.2801144313795
3,162.43293286524,19.2890239153996
3,162.599445317235,19.2979333994198
3,162.765957769231,19.3068428834399
3,162.932470221226,19.3157523674601
3,163.098982673221,19.3246618514802
3,163.265495125216,19.3335713355004
3,163.432007577212,19.3424808195206
3,163.598520029207,19.3513903035407
3,163.765032481202,19.3602997875609
3,163.931544933198,19.369209271581
3,164.098057385193,19.3781187556012
3,164.264569837188,19.3870282396214
3,164.431082289184,19.3959377236415
3,164.597594741179,19.4048472076617
3,164.764107193174,19.4137566916818
3,164.930619645169,19.422666175702
3,165.097132097165,19.4315756597221
3,165.26364454916,19.4404851437423
3,165.430157001155,19.4493946277625
3,165.596669453151,19.4583041117826
3,165.763181905146,19.4672135958028
3,165.929694357141,19.4761230798229
3,166.096206809136,19.4850325638431
3,166.262719261132,19.4939420478633
3,166.429231713127,19.5028515318834
3,166.595744165122,19.5117610159036
3,166.762256617118,19.5206704999237
3,166.928769069113,19.5295799839439
3,167.095281521108,19.538489467964
3,167.261793973103,19.5473989519842
3,167.428306425099,19.5563084360044
3,167.594818877094,19.5652179200245
3,167.761331329089,20
3,167.927843781085,20
3,168.09435623308,20
3,168.260868685075,20
3,168.42738113707,20
3,168.593893589066,20
3,168.760406041061,20
3,168.926918493056,20
3,169.093430945052,20
3,169.259943397047,20
3,169.426455849042,20
3,169.592968301037,20
3,169.759480753033,20
3,169.925993205028,20
3,170.092505657023,20
3,170.259018109019,20
3,170.425530561014,20
3,170.592043013009,20
3,170.758555465004,20
3,170.925067917,20
3,171.091580368995,20
3,171.25809282099,20
3,171.424605272986,20
3,171.591117724981,20
3,171.757630176976,20
3,171.924142628971,20
3,172.090655080967,20
3,172.257167532962,20
3,172.423679984957,20
3,172.590192436953,20
3,172.756704888948,20
3,172.923217340943,20
3,173.089729792938,20
3,173.256242244934,20
3,173.422754696929,20
3,173.589267148924,20
3,173.75577960092,20
3,173.922292052915,20
3,174.08880450491,20
3,174.255316956906,20
3,174.421829408901,20
3,174.588341860896,20
3,174.754854312891,20
3,174.921366764887,20
3,175.087879216882,20
3,175.254391668877,20
3,175.420904120873,20
3,175.587416572868,20
3,175.753929024863,20
3,175.920441476858,20
3,176.086953928854,20
3,176.42252535818,20
3,176.597605608082,20
3,176.772685857985,20
3,176.947766107888,20
3,177.12284635779,20
3,177.297926607693,20
3,177.473006857596,20
3,177.648087107498,20
3,177.823167357401,20
3,177.998247607304,20
3,178.173327857207,20
3,178.348408107109,20
3,178.523488357012,20
3,178.698568606915,20
3,178.873648856817,20
3,179.04872910672,20
3,179.223809356623,20
3,179.398889606525,20
3,179.573969856428,20
3,179.749050106331,20
3,179.924130356233,20
3,180.099210606136,20
3,180.274290856039,20
3,180.449371105942,20
3,180.624451355844,20
3,180.799531605747,20
3,180.97461185565,20
3,181.149692105552,20
3,181.324772355455,20
3,181.499852605358,20
3,181.67493285526,20
3,181.850013105163,20
3,182.025093355066,20
3,182.200173604968,20
3,182.375253854871,20
3,182.550334104774,20
3,182.725414354677,20
3,182.900494604579,20
3,183.075574854482,20
3,183.250655104385,20
3,183.425735354287,20
3,183.60081560419,20
3,183.775895854093,20
3,183.950976103995,20
3,184.126056353898,20
3,184.301136603801,20
3,184.476216853703,20
3,184.651297103606,20
3,184.826377353509,20
3,185.001457603411,20
3,185.176537853314,20
3,185.351618103217,20
3,185.52669835312,20
3,185.701778603022,20
3,185.876858852925,20
3,186.051939102828,20
3,186.22701935273,20
3,186.402099602633,20
3,186.577179852536,20
3,186.752260102438,20
3,186.927340352341,20
3,187.102420602244,20
3,187.277500852146,20
3,189.130432128906,20
3,189.120813055592,20
3,189.111193982278,20
3,189.101574908964,20
3,189.091955835651,20
3,189.082336762337,20
3,189.072717689023,20
3,189.063098615709,20
3,189.053479542395,20
3,189.043860469081,20
3,189.034241395767,20
3,189.024622322453,20
3,189.015003249139,20
3,189.005384175825,20
3,188.995765102511,20
3,188.986146029197,20
3,188.976526955883,15
3,188.966907882569,15
3,188.957288809256,15
3,188.947669735942,15
3,188.938050662628,15
3,188.928431589314,15
3,188.918812516,15
3,188.909193442686,15
3,188.899574369372,15
3,188.889955296058,15
3,188.880336222744,15
3,188.87071714943,15
3,188.861098076116,15
3,188.851479002802,15
3,188.841859929488,15
3,188.832240856174,15
3,188.822621782861,15
3,188.813002709547,15
3,188.803383636233,15
3,188.793764562919,15
3,188.784145489605,15
3,188.774526416291,15
3,188.764907342977,15
3,188.755288269663,15
3,188.745669196349,15
3,188.736050123035,15
3,188.726431049721,15
3,188.716811976407,15
3,188.707192903093,15
3,188.697573829779,15
3,188.687954756466,15
3,188.678335683152,15
3,188.668716609838,15
3,188.659097536524,15
3,188.64947846321,15
3,188.639859389896,15
3,188.630240316582,15
3,188.620621243268,15
3,188.611002169954,15
3,188.60138309664,15
3,188.591764023326,15
3,188.582144950012,15
3,188.572525876698,15
3,188.562906803384,15
3,188.553287730071,15
3,188.543668656757,15
3,188.534049583443,15
3,188.524430510129,15
3,188.514811436815,15
3,188.505192363501,15
3,188.495573290187,15
3,188.485954216873,15
3,188.476335143559,15
3,188.466716070245,15
3,188.457096996931,15
3,188.447477923617,15
3,188.437858850303,15
3,188.42823977699,15
3,188.418620703676,15
3,188.409001630362,15
3,188.399382557048,15
3,188.389763483734,15
3,188.38014441042,15
3,188.370525337106,15
3,188.360906263792,15
3,188.351287190478,15
3,188.341668117164,15
3,188.33204904385,15
3,188.322429970536,15
3,188.312810897222,15
3,188.303191823908,15
3,188.293572750595,15
3,188.283953677281,15
3,188.274334603967,15
3,188.264715530653,15
3,188.255096457339,15
3,188.245477384025,15
3,188.235858310711,15
3,188.226239237397,15
3,188.216620164083,15
3,188.207001090769,15
3,188.197382017455,15
3,188.187762944141,15
3,188.178143870827,15
3,188.168524797513,15
3,188.1589057242,15
3,188.149286650886,15
3,188.139667577572,15
3,188.130048504258,15
3,188.120429430944,15
3,188.11081035763,15
3,188.101191284316,15
3,188.091572211002,15
3,188.081953137688,15
3,188.072334064374,15
3,188.06271499106,15
3,188.053095917746,15
3,188.043476844432,15
3,188.033857771118,15
3,188.024238697805,15
3,188.014619624491,15
3,188.005000551177,15
3,187.995381477863,15
3,187.985762404549,15
3,187.976143331235,15
3,187.966524257921,15
3,187.956905184607,15
3,187.947286111293,15
3,187.937667037979,15
3,187.928047964665,15
3,187.918428891351,15
3,187.908809818037,15
3,187.899190744723,15
3,187.88957167141,15
3,187.879952598096,15
3,187.870333524782,15
3,187.860714451468,15
3,187.851095378154,15
3,187.84147630484,15
3,187.831857231526,15
3,187.822238158212,15
3,187.812619084898,15
3,187.803000011584,15
3,187.79338093827,15
3,187.783761864956,15
3,187.774142791642,15
3,187.764523718328,15
3,187.754904645015,15
3,187.745285571701,15
3,187.735666498387,15
3,187.726047425073,15
3,187.716428351759,15
3,187.706809278445,15
3,187.697190205131,15
3,187.687571131817,15
3,187.677952058503,15
3,187.668332985189,15
3,187.658713911875,15
3,187.649094838561,15
3,187.639475765247,15
3,187.629856691933,15
3,187.62023761862,15
3,187.610618545306,15
3,187.600999471992,15
3,187.591380398678,15
3,187.581761325364,15
3,187.57214225205,15
3,187.562523178736,15
3,187.552904105422,15
3,187.543285032108,15
3,187.533665958794,15
3,187.52404688548,15
3,187.514427812166,15
3,187.504808738852,15
3,187.495189665538,15
3,187.485570592225,15
3,187.475951518911,15
3,187.466332445597,15
3,187.456713372283,15
3,187.447094298969,15
3,187.437475225655,15
3,187.427856152341,15
3,187.418237079027,15
3,187.408618005713,15
3,187.398998932399,15
3,187.389379859085,15
3,187.379760785771,15
3,187.370141712457,15
3,187.360522639143,15
3,187.35090356583,15
3,187.341284492516,15
3,187.331665419202,15
3,187.322046345888,15
3,187.312427272574,15
3,187.30280819926,15
3,187.293189125946,15
3,187.283570052632,15
3,187.273950979318,15
3,187.264331906004,15
3,187.25471283269,15
3,187.245093759376,15
3,187.235474686062,15
3,187.225855612748,15
3,187.216236539435,15
3,187.206617466121,15
3,187.196998392807,15
3,187.187379319493,15
3,187.177760246179,15
3,187.168141172865,15
3,187.158522099551,15
3,187.148903026237,15
3,187.139283952923,15
3,187.129664879609,15
3,187.120045806295,15
3,187.110426732981,15
3,187.100807659667,15
3,187.091188586353,15
3,187.08156951304,15
3,187.071950439726,15
-1,187.062331366412,128
#MOTOR_B1
0,100,0
0,100,0
0,100,0
0,100,0
0,100,0
0,100,0
0,100,0
0,100,0
0,100,0
0,100,0
0,100,0
0,100,0
0,100,0
0,100,0
0,100,0
0,100,0
0,100,0
0,100,0
0,100,0
0,100,0
0,100,0
0,100,0
2,135,90
2,135,90
2,135,90
2,135,90
2,140,90
2,140,90
2,140,90
2,145,95
2,145,95
2,150,100
2,155,104
2,160,107
2,165,110
2,170,113
2,175,116
2,180,119
2,185,122
2,190,125
2,195,127
2,200,127
2,200,127
2,200,127
2,200,127
2,200,127
2,200,127
2,200,127
2,200,127
2,200,127
2,200,127
2,200,127
2,200,127
2,200,127
2,200,127
2,200,127
2,200,127
2,200,127
2,200,127
2,200,127
2,200,127
2,200,127
2,200,127
2,200,127
2,200,127
2,200,127
2,200,127
2,200,127
2,200,127
2,200,127
2,200,127
2,200,127
2,200,127
2,200,127
2,200,127
2,200,127
2,200,127
2,200,127
2,200,127
2,200,127
2,200,127
2,200,127
2,200,127
2,200,127
2,200,127
2,200,127
2,200,127
2,200,127
2,200,127
2,200,127
2,200,127
2,200,127
2,200,127
2,200,127
2,200,127
2,200,127
2,200,127
2,200,127
2,200,127
2,200,127
2,200,127
2,200,127
2,200,127
2,200,127
2,200,127
2,200,127
2,200,127
2,200,127
2,200,127
2,200,127
2,200,127
2,200,127
2,200,127
2,200,127
2,200,127
2,200,127
2,200,127
2,200,127
2,200,127
2,200,127
2,200,127
2,200,127
2,200,127
2,200,127
2,200,127
2,200,127
2,200,127
2,200,127
2,200,127
2,200,127
2,200,127
2,200,127
2,200,127
2,200,127
2,200,127
2,200,127
2,200,127
2,200,127
2,200,127
2,200,127
2,200,127
2,200,127
2,200,127
2,200,127
2,200,127
2,200,127
2,200,127
2,200,127
2,200,127
2,200,127
2,200,127
2,200,127
2,200,127
2,200,127
2,200,127
2,200,127
2,200,127
2,200,127
2,200,127
2,200,127
2,200,127
2,200,127
2,200,127
2,200,127
2,200,127
2,200,127
2,200,127
2,200,127
2,200,127
2,200,127
2,200,127
2,200,127
2,200,127
2,200,127
2,200,127
2,200,126
2,200,125
2,200,124
2,200,123
2,200,122
2,200,121
2,200,120
2,200,119
2,200,118
2,200,117
2,200,116
2,200,115
2,200,114
2,200,113
2,200,112
2,200,111
2,200,110
2,200,109
2,200,108
2,200,107
2,200,106
2,200,105
2,200,104
2,200,103
2,200,102
2,200,101
2,200,100
2,200,99
2,200,98
2,200,97
2,200,96
2,200,95
2,200,94
2,200,93
2,200,92
2,200,91
2,200,90
2,200,89
2,200,88
2,200,87
2,200,86
2,200,85
2,200,84
2,200,83
2,200,82
2,200,81
2,200,80
2,200,79
2,200,78
2,200,77
2,200,76
2,200,75
2,200,74
2,200,73
2,200,72
2,200,71
2,200,70
2,200,69
2,200,68
2,200,67
2,200,66
2,200,65
2,200,64
2,200,63
2,200,62
2,200,61
2,200,57.4257425742574
2,200,56.7986799915675
2,200,56.1716174088776
2,200,55.5445548261877
2,200,54.9174922434978
2,200,54.2904296608079
2,200,53.6633670781179
2,200,53.036304495428
2,200,52.4092419127381
2,200,51.7821793300482
2,200,51.1551167473583
2,200,50.5280541646684
4,155,49.9009915819784
4,155,49.2739289992885
4,156,48.6468664165986
4,156,48.0198038339087
4,157,47.3927412512188
4,157,46.7656786685289
4,158,46.1386160858389
4,158,45.511553503149
4,159,44.8844909204591
4,159,44.2574283377692
4,160,43.6303657550793
4,160,43.0033031723894
4,161,42.3762405896994
4,161,41.7491780070095
4,162,41.1221154243196
4,162,40.4950528416297
4,163,39.8679902589398
4,163,39.2409276762499
4,164,38.6138650935599
4,164,37.98680251087
4,165,37.3597399281801
4,165,36.7326773454902
4,166,36.1056147628003
4,166,35.4785521801104
4,167,34.8514895974204
4,167,34.2244270147305
4,168,33.5973644320406
4,168,32.9703018493507
4,169,32.3432392666608
4,169,31.7161766839709
4,170,31.0891141012809
4,170,30.462051518591
4,171,29.8349889359011
4,171,29.2079263532112
4,172,28.5808637705213
4,172,27.9538011878313
4,173,27.3267386051414
4,173,26.6996760224515
4,174,26.0726134397616
4,174,25.4455508570717
4,175,24.8184882743817
4,175,24.1914256916918
4,176,23.5643631090019
4,176,22.937300526312
4,177,22.3102379436221
4,177,21.6831753609321
4,178,21.0561127782422
4,178,20.4290501955523
4,179,19.8019876128624
4,179,19.1749250301725
4,180,18.5478624474825
4,180,17.9207998647926
4,181,17.2937372821027
4,181,16.6666746994128
4,182,16.0396121167229
4,182,15.4125495340329
4,183,14.785486951343
4,183,14.1584243686531
4,184,13.5313617859632
4,184,12.9042992032733
4,185,12.2772366205833
4,185,11.6501740378934
4,186,11.0231114552035
4,186,10.3960488725136
4,187,9.76898628982367
4,187,9.14192370713375
4,188,8.51486112444383
4,188,7.88779854175391
4,189,7.26073595906399
4,189,6.63367337637407
4,190,6.00661079368415
4,190,5.37954821099423
4,191,4.75248562830431
4,191,4.12542304561439
4,192,3.49836046292447
4,192,2.87129788023455
0,100,2.24423529754463
0,100,1.61717271485472
0,100,0.990110132164796
0,100,0
0,100,0
0,100,0
0,100,0
0,100,0
0,100,0
0,100,0
0,100,0
0,100,0
0,100,0
0,100,0
0,100,0
0,100,0
0,100,0
0,100,0
0,100,0
0,100,0
0,100,0
0,100,0
0,100,0
0,100,0
0,100,0
0,100,0
0,100,0
0,100,0
0,100,0
0,100,0
0,100,0
0,100,0
0,100,0
0,100,0
0,100,0
0,100,0
0,100,0
0,100,0
0,100,0
0,100,0
0,100,0
0,100,0
0,100,0
0,100,0
0,100,0
0,100,0
0,100,0
0,100,0
0,100,0
0,100,0
0,100,0
0,100,0
0,100,0
0,100,0
0,100,0
0,100,0
0,100,0
0,100,0
0,100,0
0,100,0
0,100,0
0,100,0
0,100,0
0,100,0
0,100,0
0,100,0
0,100,0
0,100,0
0,100,0
0,100,0
0,100,0
0,100,0
0,100,0
0,100,0
0,100,0
0,100,0
0,100,0
0,100,0
0,100,0
0,100,0
0,100,0
0,100,0
0,100,0
0,100,0
0,100,0
0,100,0
0,100,0
0,100,0
0,100,0
0,100,0
0,100,0
0,100,0
0,100,0
0,100,0
0,100,0
0,100,0
0,100,0
0,100,0
0,100,0
0,100,0
0,100,0
0,100,0
0,100,0
0,100,0
0,100,0
0,100,0
0,100,0
0,100,0
0,100,0
0,100,0
0,100,0
0,100,0
0,100,0
0,100,0
0,100,0
0,100,0
0,100,0
0,100,0
0,100,0
0,100,0
0,100,0
0,100,0
0,100,0
0,100,0
0,100,0
0,100,0
0,100,0
0,100,0
0,100,0
0,100,0
0,100,0
0,100,0
0,100,0
0,100,0
0,100,0
0,100,0
0,100,0
0,100,0
0,100,0
0,100,0
0,100,0
0,100,0
0,100,0
0,100,0
0,100,0
0,100,0
0,100,0
0,100,0
0,100,0
0,100,0
0,100,0
0,100,0
0,100,0
0,100,0
0,100,0
0,100,0
0,100,0
0,100,0
0,100,0
0,100,0
0,100,0
0,100,0
0,100,0
0,100,0
0,100,0
0,100,0
0,100,0
0,100,0
0,100,0
0,100,0
0,100,0
0,100,0
0,100,0
0,100,0
0,100,0
0,100,0
0,100,0
0,100,0
0,100,0
0,100,0
0,100,0
0,100,0
0,100,0
0,100,0
0,100,0
0,100,0
0,100,0
0,100,0
0,100,0
0,100,0
0,100,0
0,100,0
0,100,0
0,100,0
0,100,0
0,100,0
0,100,0
0,100,0
0,100,0
0,100,0
0,100,0
0,100,0
0,100,0
0,100,0
0,100,0
0,100,0
0,100,0
0,100,0
0,100,0
0,100,0
0,100,0
0,100,0
0,100,0
0,100,0
0,100,0
0,100,0
0,100,0
0,100,0
0,100,0
0,100,0
0,100,0
0,100,0
0,100,0
0,100,0
0,100,0
0,100,0
0,100,0
0,100,0
0,100,0
0,100,0
0,100,0
0,100,0
0,100,0
0,100,0
0,100,0
0,100,0
0,100,0
0,100,0
0,100,0
0,100,0
0,100,0
0,100,0
0,100,0
0,100,0
0,100,0
0,100,0
0,100,0
0,100,0
0,100,0
0,100,0
0,100,0
0,100,0
0,100,0
0,100,0
0,100,0
0,100,0
0,100,0
0,100,0
0,100,0
0,100,0
0,100,0
0,100,0
0,100,0
0,100,0
0,100,0
0,100,0
0,100,0
0,100,0
0,100,0
0,100,0
0,100,0
0,100,0
0,100,0
0,100,0
0,100,0
0,100,0
0,100,0
0,100,0
0,100,0
0,100,0
0,100,0
0,100,0
0,100,0
0,100,0
0,100,0
0,100,0
0,100,0
0,100,0
0,100,0
0,100,0
0,100,0
0,100,0
0,100,0
0,100,0
0,100,0
0,100,0
0,100,0
0,100,0
0,100,0
0,100,0
0,100,0
0,100,0
0,100,0
0,100,0
0,100,0
0,100,0
0,100,0
0,100,0
0,100,0
0,100,0
0,100,0
0,100,0
0,100,0
0,100,0
0,100,0
0,100,0
0,100,0
0,100,0
0,100,0
0,100,0
0,100,0
0,100,0
0,100,0
0,100,0
0,100,0
0,100,0
0,100,0
0,100,0
0,100,0
0,100,0
0,100,0
0,100,0
0,100,0
0,100,0
0,100,0
0,100,0
0,100,0
0,100,0
0,100,0
0,100,0
0,100,0
0,100,0
0,100,0
0,100,0
0,100,0
0,100,0
0,100,0
0,100,0
0,100,0
0,100,0
0,100,0
0,100,0
0,100,0
0,100,0
0,100,0
0,100,0
0,100,0
0,100,0
0,100,0
0,100,0
0,100,0
0,100,0
0,100,0
0,100,0
0,100,0
0,100,0
0,100,0
0,100,0
0,100,0
0,100,0
0,100,0
0,100,0
0,100,0
0,100,0
0,100,0
0,100,0
0,100,0
0,100,0
0,100,0
0,100,0
0,100,0
0,100,0
0,100,0
0,100,0
0,100,0
0,100,0
0,100,0
0,100,0
0,100,0
0,100,0
0,100,0
0,100,0
0,100,0
0,100,0
0,100,0
0,100,0
0,100,0
0,100,0
0,100,0
0,100,0
0,100,0
0,100,0
0,100,0
0,100,0
0,100,0
0,100,0
0,100,0
0,100,0
0,100,0
0,100,0
0,100,0
0,100,0
0,100,0
0,100,0
0,100,0
0,100,0
0,100,0
0,100,0
0,100,0
0,100,0
0,100,0
0,100,0
0,100,0
0,100,0
0,100,0
0,100,0
0,100,0
0,100,0
0,100,0
0,100,0
0,100,0
0,100,0
0,100,0
0,100,0
0,100,0
0,100,0
0,100,0
0,100,0
0,100,0
0,100,0
0,100,0
0,100,0
0,100,0
0,100,0
0,100,0
0,100,0
0,100,0
0,172,127
0,173,127
0,173,127
0,173,127
0,173,127
0,174,127
0,174,127
0,174,127
0,174,127
0,174,127
0,175,127
0,175,127
0,175,127
0,175,127
0,176,127
0,176,127
0,176,127
0,176,127
0,176,127
0,177,127
0,177,127
0,177,127
0,177,127
0,178,127
#MOTOR_B2
0,100,25
0,100,25
0,100,25
0,100,25
0,100,25
0,100,25
0,100,25
0,100,25
0,100,25
0,100,25
0,100,25
0,100,25
0,100,25
0,100,25
0,100,25
0,100,25
0,100,25
0,100,25
0,100,25
0,100,25
0,100,25
0,100,25
0,100,25
0,100,25
0,100,25
0,100,25
0,100,25
0,100,25
0,100,25
0,100,25
0,100,25
0,100,25
0,100,25
0,100,25
0,100,25
0,100,25
0,100,25
0,100,25
0,100,25
0,100,25
0,100,25
0,100,25
1,40,0
1,42,3
1,44,6
1,46,9
1,48,12
1,50,15
1,51,18
1,52,21
1,53,24
1,54,27
1,55,30
1,56,33
1,57,36
1,58,39
1,59,42
1,60,45
1,60,48
1,61,51
1,62,54
1,63,57
1,64,60
1,64,63
1,65,66
1,66,69
1,67,72
1,68,75
1,68,78
1,69,81
1,70,84
1,71,87
1,72,90
1,72,93
1,73,96
1,74,96
1,75,96
1,75,96
1,76,96
1,77,96
1,78,96
1,78,96
1,79,96
1,80,96
1,81,96
1,81,96
1,82,96
1,83,96
1,83,96
1,84,96
1,85,96
1,85,96
1,86,95
1,87,94
1,87,93
1,88,92
1,89,91
1,89,90
1,90,89
1,91,88
1,91,87
1,92,86
1,93,85
1,93,84
1,94,83
1,95,82
1,95,81
1,96,80
1,97,79
1,97,78
1,98,77
1,99,76
1,99,75
1,100,74
1,101,73
1,101,72
1,102,71
1,102,70
1,103,69
1,103,68
1,104,67
1,104,66
1,105,65
1,105,64
1,106,63
1,106,62
1,107,61
1,107,60
1,108,59
1,108,58
1,109,57
1,109,56
1,110,55
1,110,54
1,111,53
1,112,52
1,112,51
1,113,50
1,114,49
1,114,48
1,115,47
1,116,46
1,116,45
1,117,43
1,118,42
1,118,40
1,119,38
1,120,36
1,120,34
1,121,32
1,122,30
1,123,29
1,124,28
1,125,27
1,126,26
1,127,25
1,128,24
1,129,23
1,130,22
3,141,25
3,141.304351806641,25
3,141.390923539919,25
3,141.477495273197,24.9494438851633
3,141.564067006475,24.8988877703265
3,141.650638739753,24.8483316554898
3,141.737210473031,24.797775540653
3,141.823782206309,24.7472194258163
3,141.910353939587,24.6966633109796
3,141.996925672865,24.6461071961428
3,142.083497406143,24.5955510813061
3,142.170069139421,24.5449949664693
3,142.256640872699,24.4944388516326
3,142.343212605977,24.4438827367958
3,142.429784339255,24.3933266219591
3,142.516356072533,24.3427705071224
3,142.602927805811,24.2922143922856
3,142.689499539089,24.2416582774489
3,142.776071272366,24.1911021626121
3,142.862643005644,24.1405460477754
3,142.949214738922,24.0899899329387
3,143.0357864722,24.0394338181019
3,143.122358205478,23.9888777032652
3,143.208929938756,23.9383215884284
3,143.295501672034,23.8877654735917
3,143.382073405312,23.837209358755
3,143.46864513859,23.7866532439182
3,143.555216871868,23.7360971290815
3,143.641788605146,23.6855410142447
3,143.728360338424,23.634984899408
3,143.814932071702,23.5844287845712
3,143.90150380498,23.5338726697345
3,143.988075538258,23.4833165548978
3,144.074647271536,23.432760440061
3,144.161219004814,23.3822043252243
3,144.247790738092,23.3316482103875
3,144.33436247137,23.2810920955508
3,144.420934204648,23.2305359807141
3,144.507505937926,23.1799798658773
3,144.594077671204,23.1294237510406
3,144.680649404482,23.0788676362038
3,144.76722113776,23.0283115213671
3,144.853792871038,22.9777554065303
3,144.940364604316,22.9271992916936
3,145.026936337594,22.8766431768569
3,145.113508070872,22.8260870620201
3,145.20007980415,22.7755309471834
3,145.286651537428,22.7249748323466
3,145.373223270706,22.6744187175099
3,145.459795003984,22.6238626026732
3,145.546366737262,22.5733064878364
3,145.63293847054,22.5227503729997
3,145.719510203818,22.4721942581629
3,145.806081937096,22.4216381433262
3,145.892653670374,22.3710820284895
3,145.979225403652,22.3205259136527
3,146.06579713693,22.269969798816
3,146.152368870208,22.2194136839792
3,146.238940603486,22.1688575691425
3,146.325512336764,22.1183014543057
3,146.412084070042,22.067745339469
3,146.49865580332,22.0171892246323
3,146.585227536598,21.9666331097955
3,146.671799269876,21.9160769949588
3,146.758371003154,21.865520880122
3,146.844942736432,21.8149647652853
3,146.93151446971,21.7644086504486
3,147.018086202988,21.7138525356118
3,147.104657936266,21.6632964207751
3,147.191229669544,21.6127403059383
3,147.277801402822,21.5621841911016
3,147.3643731361,21.5116280762649
3,147.450944869378,21.4610719614281
3,147.537516602656,21.4105158465914
3,147.624088335934,21.3599597317546
3,147.710660069212,21.3094036169179
3,147.79723180249,21.2588475020811
3,147.883803535768,21.2082913872444
3,147.970375269046,21.1577352724077
3,148.056947002324,21.1071791575709
3,148.143518735602,21.0566230427342
3,148.23009046888,21.0060669278974
3,148.316662202158,20.9555108130607
3,148.403233935436,20.904954698224
3,148.489805668714,20.8543985833872
3,148.576377401992,20.8038424685505
3,148.66294913527,20.7532863537137
3,148.749520868548,20.702730238877
3,148.836092601826,20.6521741240403
3,148.922664335104,20.6521739349842
3,149.009236068382,20.6521739353561
3,149.09580780166,20.652173935728
3,149.182379534938,20.6521739360998
3,149.268951268216,20.6521739364717
3,149.355523001494,20.6521739368436
3,149.442094734772,20.6521739372155
3,149.52866646805,20.6521739375873
3,149.615238201328,20.6521739379592
3,149.701809934606,20.6521739383311
3,149.788381667884,20.652173938703
3,149.874953401162,20.6521739390749
3,149.96152513444,20.6521739394467
3,150.048096867718,20.6521739398186
3,150.134668600996,20.6521739401905
3,150.221240334274,20.6521739405624
3,150.307812067552,20.6521739409342
3,150.39438380083,20.6521739413061
3,150.480955534108,20.652173941678
3,150.567527267386,20.6521739420499
3,150.654099000664,20.6521739424217
3,150.740670733942,20.6521739427936
3,150.82724246722,20.6521739431655
3,150.913814200498,20.6521739435374
3,151.000385933776,20.6521739439093
3,151.086957667054,20.6521739442811
3,151.173529400332,20.652173944653
3,151.26010113361,20.6521739450249
3,151.346672866888,20.6521739453968
3,151.433244600166,20.6521739457686
3,151.519816333444,20.6521739461405
3,151.606388066722,20.6521739465124
3,151.6929598,20.6521739468843
3,151.779531533278,20.6521739472561
3,151.866103266556,20.652173947628
3,151.952674999834,20.6521739479999
3,152.039246733112,20.6521739483718
3,152.12581846639,20.6521739487436
3,152.212390199668,20.6521739491155
3,152.298961932946,20.6521739494874
3,152.385533666224,20.6521739498593
3,152.472105399502,20.6521739502312
3,152.55867713278,20.652173950603
3,152.645248866058,20.6521739509749
3,152.731820599336,20.6521739513468
3,152.818392332614,20.6521739517187
3,152.904964065892,20.6521739520905
3,152.99153579917,20.6521739524624
3,153.078107532448,20.6521739528343
3,153.164679265726,20.6521739532062
3,153.251250999004,20.652173953578
3,153.337822732282,20.6521739539499
3,153.42439446556,20.6521739543218
3,153.510966198838,20.6521739546937
3,153.597537932116,20.6521739550656
3,153.684109665394,20.6521739554374
3,153.770681398672,20.6521739558093
3,153.85725313195,20.6521739561812
3,153.943824865227,20.6521739565531
3,154.030396598505,20.6521739569249
3,154.116968331783,20.6521739572968
3,154.203540065061,20.6521739576687
3,154.290111798339,20.6521739580406
3,154.376683531617,20.6521739584124
3,154.463255264895,20.6521739587843
3,154.549826998173,20.6521739591562
3,154.636398731451,20.6521739595281
3,154.722970464729,20.6521739599
3,154.809542198007,20.6521739602718
3,154.896113931285,20.6521739606437
3,154.982685664563,20.6521739610156
3,155.069257397841,20.6521739613875
3,155.155829131119,20.6521739617593
3,155.242400864397,20.6521739621312
3,155.328972597675,20.6521739625031
3,155.415544330953,20.652173962875
3,155.502116064231,20.6521739632468
3,155.588687797509,20.6521739636187
3,155.675259530787,20.6521739639906
3,155.761831264065,20.6521739643625
3,155.848402997343,20.6521739647343
3,155.934974730621,20.6521739651062
3,156.021546463899,20.6521739654781
3,156.108118197177,20.65217396585
3,156.194689930455,20.6521739662219
3,156.281261663733,20.6521739665937
3,156.367833397011,20.6521739669656
3,156.454405130289,20.6521739673375
3,156.540976863567,20.6521739677094
3,156.627548596845,20.6521739680812
3,156.714120330123,20.6521739684531
3,156.800692063401,20.652173968825
3,156.887263796679,20.6521739691969
3,156.973835529957,20.6521739695687
3,157.060407263235,20.6521739699406
3,157.146978996513,20.6521739703125
3,157.233550729791,20.6521739706844
3,157.320122463069,20.6521739710563
3,157.406694196347,20.6521739714281
3,157.493265929625,20.6521739718
3,157.579837662903,20.6521739721719
3,157.666409396181,20.6521739725438
3,157.752981129459,20.6521739729156
3,157.839552862737,20.6521739732875
3,157.926124596015,20.6521739736594
3,158.012696329293,20.6521739740313
3,158.099268062571,20.6521739744031
3,158.185839795849,20.652173974775
3,158.272411529127,20.6521739751469
3,158.358983262405,20.6521739755188
3,158.445554995683,20.6521739758907
3,158.532126728961,20.6521739762625
3,158.618698462239,20.6521739766344
3,158.705270195517,20.6521739770063
3,158.791841928795,20.6521739773782
3,158.878413662073,20.65217397775
3,158.964985395351,20.6521739781219
3,159.051557128629,20.6521739784938
3,159.138128861907,20.6521739788657
3,159.224700595185,20.6521739792375
3,159.311272328463,20.6521739796094
3,159.397844061741,20.6521739799813
3,159.484415795019,20.6521739803532
3,159.570987528297,20.652173980725
3,159.657559261575,20.6521739810969
3,159.744130994853,20.6521739814688
3,159.830702728131,20.6521739818407
3,159.917274461409,20.6521739822126
3,160.869567871094,20.6521739825844
3,161.013894048531,20.6521739829563
3,161.158220225969,20.6521739833282
3,161.302546403407,20.6521739837001
3,161.446872580845,20.6521739840719
3,161.591198758282,20.6521739844438
3,161.73552493572,20.6521739848157
3,161.879851113158,20.6521739851876
3,162.024177290596,20.6521739855594
3,162.168503468033,20.6521739859313
3,162.312829645471,20.6521739863032
3,162.457155822909,20.6521739866751
3,162.601482000347,20.652173987047
3,162.745808177784,20.6521739874188
3,162.890134355222,20.6521739877907
3,163.03446053266,20.6521739881626
3,163.178786710097,20.6521739885345
3,163.323112887535,20.6521739889063
3,163.467439064973,20.6521739892782
3,163.611765242411,20.6521739896501
3,163.756091419848,20.652173990022
3,163.900417597286,20.6521739903938
3,164.044743774724,20.6521739907657
3,164.189069952162,20.6521739911376
3,164.333396129599,20.6521739915095
3,164.477722307037,20.6521739918814
3,164.622048484475,20.6521739922532
3,164.766374661913,20.6521739926251
3,164.91070083935,20.652173992997
3,165.055027016788,20.6521739933689
3,165.199353194226,20.6521739937407
3,165.343679371663,20.6521739941126
3,165.488005549101,20.6521739944845
3,165.632331726539,20.6521739948564
3,165.776657903977,20.6521739952282
3,165.920984081414,20.6521739956001
3,166.065310258852,20.652173995972
3,166.20963643629,21.4846235267684
3,166.353962613728,21.4528101632666
3,166.498288791165,21.4209967997648
3,166.642614968603,21.389183436263
3,166.786941146041,21.3573700727613
3,166.931267323479,21.3255567092595
3,167.075593500916,21.2937433457577
3,167.219919678354,21.2619299822559
3,167.364245855792,21.2301166187541
3,167.508572033229,21.1983032552524
3,167.652898210667,21.1664898917506
3,167.797224388105,21.1346765282488
3,167.941550565543,21.102863164747
3,168.08587674298,21.0710498012452
3,168.230202920418,21.0392364377435
3,168.374529097856,21.0074230742417
3,168.518855275294,20.9756097107399
3,168.663181452731,20.9437963472381
3,168.807507630169,20.9119829837364
3,168.951833807607,20.8801696202346
3,169.096159985045,20.8483562567328
3,169.240486162482,20.816542893231
3,169.38481233992,20.7847295297292
3,169.529138517358,20.7529161662275
3,169.673464694795,20.7211028027257
3,169.817790872233,20.6892894392239
3,169.962117049671,20.6574760757221
3,170.106443227109,20.6256627122203
3,170.250769404546,20.5938493487186
3,170.395095581984,20.5620359852168
3,170.539421759422,20.530222621715
3,170.68374793686,20.4984092582132
3,170.828074114297,20.4665958947114
3,170.972400291735,20.4347825312097
3,171.116726469173,20.4029691677079
3,171.261052646611,20.3711558042061
3,171.405378824048,20.3393424407043
3,171.549705001486,20.3075290772025
3,171.694031178924,20.2757157137008
3,171.838357356361,20.243902350199
3,171.982683533799,20.2120889866972
3,172.127009711237,20.1802756231954
3,172.271335888675,20.1484622596936
3,172.415662066112,20.1166488961919
3,172.55998824355,20.0848355326901
3,172.704314420988,20.0530221691883
3,172.848640598426,20.0212088056865
3,172.992966775863,19.9893954421847
3,173.137292953301,19.957582078683
3,173.281619130739,19.9257687151812
3,173.425945308177,19.8939553516794
3,173.570271485614,19.8621419881776
3,173.714597663052,19.8303286246759
3,173.85892384049,19.7985152611741
3,174.003250017927,19.7667018976723
3,174.147576195365,19.7348885341705
3,174.291902372803,19.7030751706687
3,174.436228550241,19.671261807167
3,174.580554727678,19.6394484436652
3,174.724880905116,19.6076350801634
3,174.869207082554,19.5758217166616
3,175.013533259992,19.5440083531598
3,175.157859437429,19.5121949896581
3,175.302185614867,19.4803816261563
3,175.446511792305,19.4485682626545
3,175.590837969743,19.4167548991527
3,175.73516414718,19.3849415356509
3,175.879490324618,19.3531281721492
3,176.023816502056,19.3213148086474
3,176.168142679493,19.2895014451456
3,176.312468856931,19.2576880816438
3,176.456795034369,19.225874718142
3,176.601121211807,19.1940613546403
3,176.745447389244,19.1622479911385
3,176.889773566682,19.1304346276367
3,177.03409974412,19.0986212641349
3,177.178425921558,19.0668079006331
3,177.322752098995,19.0349945371314
3,177.467078276433,19.0031811736296
3,177.611404453871,18.9713678101278
3,177.755730631309,18.939554446626
3,177.900056808746,18.9077410831242
3,178.044382986184,18.8759277196225
3,178.188709163622,18.8441143561207
3,178.333035341059,18.8123009926189
3,178.477361518497,18.7804876291171
3,178.621687695935,18.7486742656154
3,178.766013873373,18.7168609021136
3,178.91034005081,18.6850475386118
3,179.054666228248,18.65323417511
3,179.198992405686,18.6214208116082
3,179.343318583124,18.5896074481065
3,179.487644760561,18.5577940846047
3,179.631970937999,18.5259807211029
3,179.776297115437,18.4941673576011
3,179.920623292875,18.4623539940993
3,180.064949470312,18.4305406305976
3,180.20927564775,18.3987272670958
3,180.353601825188,18.366913903594
3,180.497928002625,18.3351005400922
3,180.642254180063,18.3032871765904
3,180.786580357501,18.2714738130887
3,180.930906534939,18.2396604495869
3,181.075232712376,18.2078470860851
3,181.219558889814,18.1760337225833
3,181.363885067252,18.1442203590815
3,181.50821124469,18.1124069955798
3,181.652537422127,18.080593632078
3,181.796863599565,18.0487802685762
3,181.941189777003,18.0169669050744
3,182.085515954441,17.9851535415726
3,182.229842131878,17.9533401780709
3,182.374168309316,17.9215268145691
3,182.518494486754,17.8897134510673
3,182.662820664191,17.8579000875655
3,182.807146841629,17.8260867240637
3,182.951473019067,17.794273360562
3,183.095799196505,17.7624599970602
3,183.240125373942,17.7306466335584
3,183.38445155138,17.6988332700566
3,183.528777728818,17.6670199065548
3,183.673103906256,17.6352065430531
3,183.817430083693,17.6033931795513
3,183.961756261131,17.5715798160495
3,184.106082438569,17.5397664525477
3,184.250408616007,17.507953089046
3,184.394734793444,17.4761397255442
3,184.539060970882,17.4443263620424
3,184.68338714832,17.4125129985406
3,184.827713325757,17.3806996350388
3,184.972039503195,17.3488862715371
3,185.116365680633,17.3170729080353
3,185.260691858071,17.2852595445335
3,185.405018035508,17.2534461810317
3,185.549344212946,17.2216328175299
3,185.693670390384,17.1898194540282
3,185.837996567822,17.1580060905264
3,185.982322745259,17.1261927270246
3,186.126648922697,17.0943793635228
3,186.270975100135,17.062566000021
3,186.415301277573,17.0307526365193
3,186.55962745501,16.9989392730175
3,186.703953632448,16.9671259095157
3,186.848279809886,16.9353125460139
3,186.992605987323,16.9034991825121
3,187.136932164761,16.8716858190104
3,187.281258342199,16.8398724555086
3,187.425584519637,16.8080590920068
3,187.569910697074,16.776245728505
3,187.714236874512,16.7444323650032
3,187.85856305195,16.7126190015015
3,188.002889229388,16.6808056379997
3,188.147215406825,16.6489922744979
3,188.291541584263,16.6171789109961
3,188.435867761701,16.5853655474943
3,188.580193939139,16.5535521839926
3,188.724520116576,16.5217388204908
3,188.868846294014,16.489925456989
3,189.013172471452,16.4581120934872
3,189.157498648889,16.4262987299855
3,189.301824826327,16.3944853664837
3,189.446151003765,16.3626720029819
3,189.590477181203,16.3308586394801
3,189.73480335864,16.2990452759783
3,189.879129536078,16.2672319124766
3,190.023455713516,16.2354185489748
3,190.167781890954,16.203605185473
3,190.312108068391,16.1717918219712
3,190.456434245829,16.1399784584694
3,190.600760423267,16.1081650949677
3,190.745086600705,16.0763517314659
3,190.889412778142,16.0445383679641
3,191.03373895558,16.0127250044623
3,191.178065133018,15.9809116409605
3,191.322391310455,15.9490982774588
3,191.466717487893,15.917284913957
3,191.611043665331,15.8854715504552
3,191.755369842769,15.8536581869534
3,191.899696020206,15.8218448234516
3,192.044022197644,15.7900314599498
3,192.188348375082,15.7582180964481
3,192.33267455252,15.7264047329463
3,192.477000729957,15.6945913694445
3,192.621326907395,15.6627780059427
3,192.765653084833,15.6309646424409
3,192.909979262271,15.5991512789392
3,193.054305439708,15.5673379154374
3,193.198631617146,15.5355245519356
3,193.342957794584,15.5037111884338
3,193.487283972021,15.471897824932
3,193.631610149459,15.4400844614303
3,193.775936326897,15.4082710979285
3,193.920262504335,15.3764577344267
3,194.064588681772,15.3446443709249
3,194.20891485921,15.3128310074231
3,194.353241036648,15.2810176439214
3,194.497567214086,15.2492042804196
3,194.641893391523,15.2173909169178
3,194.786219568961,15
3,194.930545746399,15
3,195.074871923837,15
3,195.219198101274,15
3,197.826080322266,15
3,197.851358413131,15
3,197.876636503997,15
3,197.901914594862,15
3,197.927192685728,15
3,197.952470776593,15
3,197.977748867458,15
3,198.003026958324,15
3,198.028305049189,15
3,198.053583140055,15
3,198.07886123092,15
3,198.104139321786,15
3,198.129417412651,15
3,198.154695503517,15
3,198.179973594382,15
3,198.205251685248,15
3,198.230529776113,15
3,198.255807866979,15
3,198.281085957844,15
3,198.30636404871,15
3,198.331642139575,15
3,198.35692023044,15
3,198.382198321306,15
3,198.407476412171,15
3,198.432754503037,15
3,198.458032593902,15
3,198.483310684768,15
3,198.508588775633,15
3,198.533866866499,15
3,198.559144957364,15
3,198.58442304823,15
3,198.609701139095,15
3,198.634979229961,15
3,198.660257320826,15
3,198.685535411692,15
3,198.710813502557,15
3,198.736091593423,15
3,198.761369684288,15
3,198.786647775153,15
3,198.811925866019,15
3,198.837203956884,15
3,198.86248204775,15
3,198.887760138615,15
3,198.913038229481,15
3,198.938316320346,15
3,198.963594411212,15
3,198.988872502077,15
3,199.014150592943,15
3,199.039428683808,15
3,199.064706774674,15
3,199.089984865539,15
3,199.115262956405,15
3,199.14054104727,15
3,199.165819138136,15
3,199.191097229001,15
3,199.216375319866,15
3,199.241653410732,15
3,199.266931501597,15
3,199.292209592463,15
3,199.317487683328,15
3,199.342765774194,15
3,199.368043865059,15
3,199.393321955925,15
3,199.41860004679,15
3,199.443878137656,15
3,199.469156228521,15
3,199.494434319387,15
3,199.519712410252,15
3,199.544990501118,15
3,199.570268591983,15
3,199.595546682849,15
3,199.620824773714,15
3,199.646102864579,15
3,199.671380955445,15
3,199.69665904631,15
3,199.721937137176,15
3,199.747215228041,15
3,199.772493318907,15
3,199.797771409772,15
3,199.823049500638,15
3,199.848327591503,15
3,199.873605682369,15
3,199.898883773234,15
3,199.9241618641,15
3,199.949439954965,15
3,199.974718045831,15
3,199.999996136696,15
3,200.025274227562,15
3,200.050552318427,15
3,200.075830409292,15
3,200.101108500158,15
3,200.126386591023,15
3,200.151664681889,15
3,200.176942772754,15
3,200.20222086362,15
3,200.227498954485,15
3,200.252777045351,15
3,200.278055136216,15
3,200.303333227082,15
3,200.328611317947,15
3,200.353889408813,15
3,200.379167499678,15
3,200.404445590544,15
3,200.429723681409,15
3,200.455001772275,15
3,200.48027986314,15
3,200.505557954005,15
3,200.530836044871,15
3,200.556114135736,15
3,200.581392226602,15
3,200.606670317467,15
3,200.631948408333,15
3,200.657226499198,15
3,200.682504590064,15
3,200.707782680929,15
3,200.733060771795,15
3,200.75833886266,15
3,200.783616953526,15
3,200.808895044391,15
3,200.834173135257,15
3,200.859451226122,15
3,200.884729316987,15
3,200.910007407853,15
3,200.935285498718,15
3,200.960563589584,15
3,200.985841680449,15
3,201.011119771315,15
3,201.03639786218,15
3,201.061675953046,15
3,201.086954043911,15
3,201.112232134777,15
3,201.137510225642,15
3,201.162788316508,15
3,201.188066407373,15
3,201.213344498239,15
3,201.238622589104,15
3,201.26390067997,15
3,201.289178770835,15
3,201.3144568617,15
3,201.339734952566,15
3,201.365013043431,15
3,201.390291134297,15
3,201.415569225162,15
3,201.440847316028,15
3,201.466125406893,15
3,201.491403497759,15
3,201.516681588624,15
3,201.54195967949,15
3,201.567237770355,15
3,201.592515861221,15
3,201.617793952086,15
3,201.643072042952,15
3,201.668350133817,15
3,200,15
3,200,15
3,200,15
3,200,15
3,200,15
3,200,15
3,200,15
3,200,15
3,200,15
3,200,15
3,200,15
3,200,15
3,200,15
3,200,15
3,200,15
3,200,15
3,200,15
3,200,15
3,200,15
3,200,15
3,200,15
3,200,15
3,200,15
3,200,15
3,200,15
3,200,15
3,200,15
3,200,15
3,200,15
3,200,15
3,200,15
3,200,15
-1,200,128
0,0,0
0,0,0
0,0,0
