BVE2000000
#ACCELERATION
0.6,0.3,35,40,1.2
0.8,0.5,38,52,1.518828
1,0.8,35,95,2.17739
1.3,1.2,30,100,4
1.6,1.46,30,110,4
1.85,1.7,40,65,1.008017
2.1,1.82,50,70,1.370873
0,0,0,0,1
#PERFORMANCE
3
0.3
#DELAY
1.0
0.5
0.5
0.5
0.5
0.5
#MOVE
65
100
200
90
200
90
#BRAKE
1
0
5
#PRESSURE
370
370
640
650
#HANDLE
0
7
3
0
#COCKPIT
-530
2350
-100
#CAR
41
2
0
0
23
1
#DEVICE
1
0
1
0
0
2
0
0
#MOTOR_P1
0,100,120
0,100,120
0,100,120
0,100,120
0,100,120
0,100,120
0,100,120
0,100,120
0,100,120
0,100,120
0,100,120
0,100,120
0,100,120
0,100,120
0,100,120
0,100,120
0,100,120
0,100,120
0,100,120
0,100,120
0,100,120
0,100,120
0,100,120
0,100,120
0,100,120
0,100,120
0,100,120
0,100,120
0,100,120
0,100,120
0,100,120
0,100,120
0,100,120
0,100,120
0,100,120
0,100,120
0,100,120
0,100,120
0,100,120
0,100,120
0,100,120
0,100,120
0,100,120
0,100,120
0,100,120
0,100,120
0,100,120
0,100,120
0,100,120
2,100,120
2,100,120
2,100,120
2,100,120
2,100,120
2,100,120
2,100,120
2,100,120
2,100,120
2,100,120
2,100,120
2,100,120
2,100,120
2,100,120
2,100,120
2,100,120
2,100,120
2,100,120
2,100,120
2,100,120
2,100,120
2,100,120
2,100,120
2,100,120
2,100,120
2,100,120
2,100,120
2,100,120
2,100,120
2,100,120
2,100,120
2,100,120
2,100,120
2,100,120
2,100,120
2,100,120
2,100,120
2,100,120
2,100,120
2,99,120
2,99,120
2,99,120
2,99,120
2,99,120
2,99,120
2,99,120
2,99,120
2,99,120
2,99,120
2,99,120
2,99,120
2,99,120
2,99,120
2,99,120
2,99,120
2,99,120
2,99,120
2,99,120
2,99,120
2,99,120
2,99,120
2,99,120
2,99,120
2,99,120
2,99,120
2,99,120
2,99,120
2,99,120
2,98,120
2,98,120
2,98,120
2,98,120
2,98,120
2,98,120
2,98,120
2,98,120
2,98,120
2,98,120
2,98,120
2,98,120
2,98,120
2,98,120
2,98,120
2,98,120
2,98,120
2,98,120
2,98,120
2,98,120
2,98,120
2,98,120
2,98,120
2,98,120
2,98,120
2,98,120
2,98,120
2,98,120
2,98,120
2,98,120
2,97,120
2,97,120
2,97,120
2,97,120
2,97,120
2,97,120
2,97,120
2,97,120
2,97,120
2,97,120
2,97,120
2,97,120
2,97,120
2,97,120
2,97,120
2,97,120
2,97,120
2,97,120
2,97,120
2,97,120
2,97,120
2,97,120
2,97,120
2,97,120
2,97,120
2,97,120
2,97,120
2,97,120
2,97,120
2,97,120
2,97,120
2,96,120
2,96,120
2,96,120
2,96,120
2,96,120
2,96,120
2,96,120
2,96,120
2,96,120
2,96,120
2,96,120
2,96,120
2,96,120
2,96,120
2,96,120
2,96,120
2,96,120
2,96,120
2,96,120
2,96,120
2,96,120
2,96,120
2,96,120
2,96,120
2,96,120
2,96,120
2,96,120
2,96,120
2,96,120
2,96,120
2,96,120
2,95,120
2,95,120
2,95,120
2,95,120
2,95,120
2,95,120
2,95,120
2,95,120
2,95,120
2,95,120
2,95,120
2,95,120
2,95,120
2,95,120
2,94,120
2,94,120
2,94,120
2,94,120
2,94,120
2,94,120
2,94,120
2,94,120
2,94,120
2,94,120
2,94,120
2,94,120
2,94,120
2,93,120
2,93,120
2,93,120
2,93,120
2,93,120
2,93,120
2,93,120
2,93,120
2,93,120
2,93,120
2,93,120
2,93,120
2,93,120
2,93,120
2,93,120
2,93,120
2,93,120
2,93,120
2,93,120
2,93,120
2,93,120
2,93,120
2,93,120
2,93,120
2,93,120
2,92,120
2,92,120
2,92,120
2,92,120
2,92,120
2,92,120
2,92,120
2,92,120
2,92,120
2,92,120
2,92,120
2,92,120
2,92,120
2,92,120
2,92,120
2,92,120
2,92,120
2,92,120
2,92,120
2,92,120
2,92,120
2,92,120
2,92,120
2,92,120
2,92,120
2,92,120
2,91,120
2,91,120
2,91,120
2,91,120
2,91,120
2,91,120
2,91,120
2,91,120
2,91,120
2,91,120
2,91,120
2,91,120
2,91,120
2,91,120
2,91,120
2,91,120
2,91,120
2,91,120
2,91,120
2,91,120
2,91,120
2,91,120
2,91,120
2,91,120
2,91,120
2,90,120
2,90,120
2,90,120
2,90,120
2,90,120
2,90,120
2,90,120
2,90,120
2,90,120
2,90,120
2,90,120
2,90,120
2,90,120
2,90,120
2,89,120
2,88,120
2,87,120
2,86,120
2,85,120
2,84,120
2,83,120
2,82,120
2,81,120
2,80,120
2,79,120
2,78,120
2,77,120
2,76,120
2,75,120
2,75,120
2,75,120
2,75,120
2,76,120
2,76,120
2,76,120
2,76,120
2,76,120
2,76,120
2,76,120
2,76,120
2,77,120
2,77,120
2,77,120
2,77,120
2,77,120
2,77,120
2,77,120
2,77,120
2,78,120
2,78,120
2,78,120
2,78,120
2,78,120
2,78,120
2,78,120
2,78,120
2,79,120
2,79,120
2,79,120
2,79,120
2,79,120
2,79,120
2,79,120
2,79,120
2,80,120
2,80,120
2,80,120
2,80,120
2,80,120
2,80,120
2,80,120
2,81,120
2,81,120
2,81,120
2,81,120
2,81,120
2,81,120
2,81,120
2,81,120
2,82,120
2,82,120
2,82,120
2,82,120
2,82,120
2,82,120
2,82,120
2,82,120
2,83,120
2,83,120
2,83,120
2,83,120
2,83,120
2,83,120
2,83,120
2,83,120
2,84,120
2,84,120
2,84,120
2,84,120
2,84,120
2,84,120
2,84,120
2,84,120
2,85,120
2,85,120
2,85,120
2,85,120
2,85,120
2,85,120
2,85,120
2,86,120
2,86,120
2,86,120
2,86,120
2,86,120
2,86,120
2,86,120
2,86,120
2,87,120
2,87,120
2,87,120
2,87,120
2,87,120
2,87,120
2,87,120
2,87,120
2,88,120
2,88,120
2,88,120
2,88,120
2,88,120
2,88,120
2,88,120
2,88,120
2,89,120
2,89,120
2,89,120
2,89,120
2,89,120
2,89,120
2,89,120
2,89,120
2,90,120
2,90,120
2,90,120
2,90,120
2,90,120
2,90,120
2,90,120
2,91,120
2,91,120
2,91,120
2,91,120
2,91,120
2,91,120
2,91,120
2,91,120
2,92,120
2,92,120
2,92,120
2,92,120
2,92,120
2,92,120
2,92,120
2,92,120
2,93,120
2,93,120
2,93,120
2,93,120
2,93,120
2,93,120
2,93,120
2,93,120
2,94,120
2,94,120
2,94,120
2,94,120
2,94,120
2,94,120
2,94,120
2,94,120
2,95,120
2,95,120
2,95,120
2,95,120
2,95,120
2,95,120
2,95,120
2,95,120
2,95,120
2,95,120
2,95,120
2,95,120
2,95,120
2,95,120
2,95,120
2,95,120
2,95,120
2,95,120
2,95,120
2,95,120
2,95,120
2,95,120
2,95,120
2,95,120
2,95,120
2,95,120
2,95,120
2,95,120
2,95,120
2,95,120
2,95,120
2,95,120
2,95,120
2,95,120
2,95,120
2,95,120
2,95,120
2,95,120
2,95,120
2,95,120
2,95,120
2,95,120
2,95,120
2,95,120
2,95,120
2,95,120
2,95,120
2,95,120
2,95,120
2,95,120
2,95,120
2,95,120
2,95,120
2,95,120
2,95,120
2,95,120
2,95,120
2,95,120
2,95,120
2,95,120
2,95,120
2,95,120
2,95,120
2,95,120
2,95,120
2,95,120
2,95,120
2,95,120
2,95,120
2,95,120
2,95,120
2,95,120
2,95,120
2,95,120
2,95,120
2,95,120
2,95,120
2,95,120
2,95,120
2,95,120
2,95,120
2,95,120
2,95,120
2,95,120
2,95,120
2,95,120
2,95,120
2,95,120
2,95,120
2,95,120
2,95,120
2,95,120
2,95,120
2,95,120
2,95,120
2,95,120
2,95,120
2,95,120
2,95,120
2,95,120
2,95,120
2,95,120
2,95,120
2,95,120
2,95,120
2,95,120
2,95,120
2,95,120
2,95,120
2,95,120
2,95,120
2,95,120
2,95,120
2,95,120
2,95,120
2,95,120
2,95,120
2,95,120
2,95,120
2,95,120
2,95,120
2,95,120
2,95,120
2,95,120
2,95,120
2,95,120
2,95,120
2,95,120
2,95,120
2,95,120
2,95,120
2,95,120
2,95,120
2,95,120
2,95,120
2,95,120
2,95,120
2,95,120
2,95,120
2,95,120
2,95,120
2,95,120
2,95,120
2,95,120
2,95,120
2,95,120
2,95,120
2,95,120
2,95,120
2,95,120
2,95,120
2,95,120
2,95,120
2,95,120
2,95,120
2,95,120
2,95,120
2,95,120
2,95,120
2,95,120
2,95,120
2,95,120
2,95,120
2,95,120
2,95,120
2,95,120
2,95,120
2,95,120
2,95,120
2,95,120
2,95,120
2,95,120
2,95,120
2,95,120
2,95,120
2,95,120
2,95,120
2,95,120
2,95,120
2,95,120
2,95,120
2,95,120
2,95,120
2,95,120
2,95,120
2,95,120
2,95,120
2,95,120
2,95,120
2,95,120
2,95,120
2,95,120
2,95,120
2,95,120
2,95,120
2,95,120
2,95,120
2,95,120
2,95,120
2,95,120
2,95,120
2,95,120
2,95,120
2,95,120
2,95,120
2,95,120
2,95,120
2,95,120
2,95,120
2,95,120
2,95,120
2,95,120
2,95,120
2,95,120
2,95,120
2,95,120
2,95,120
2,95,120
2,95,120
2,95,120
2,95,120
2,95,120
2,95,120
2,95,120
2,95,120
2,95,120
2,95,120
2,95,120
2,95,120
2,95,120
2,95,120
2,95,120
2,95,120
2,95,120
2,95,120
2,95,120
2,95,120
2,95,120
2,95,120
2,95,120
2,95,120
2,95,120
2,95,120
2,95,120
2,95,120
2,95,120
2,95,120
2,95,120
2,95,120
2,95,120
2,95,120
2,95,120
2,95,120
2,95,120
2,95,120
2,95,120
2,95,120
2,95,120
2,95,120
2,95,120
2,95,120
2,95,120
2,95,120
2,95,120
2,95,120
2,95,120
2,95,120
2,95,120
2,95,120
2,95,120
2,95,120
2,95,120
2,95,120
2,95,120
2,95,120
2,95,120
2,95,120
2,95,120
2,95,120
2,95,120
2,95,120
2,95,120
2,95,120
2,95,120
2,95,120
2,95,120
2,95,120
2,95,120
2,95,120
2,95,120
2,95,120
2,95,120
2,95,120
2,95,120
2,95,120
2,95,120
2,95,120
2,95,120
2,95,120
2,95,120
2,95,120
2,95,120
2,95,120
2,95,120
2,95,120
2,95,120
0,95,120
#MOTOR_P2
-1,100,109
-1,100,109
-1,100,109
-1,100,109
-1,100,109
-1,100,109
-1,100,109
-1,100,109
-1,100,109
-1,100,109
-1,100,109
-1,100,109
-1,100,109
-1,100,109
-1,100,109
-1,100,109
-1,100,109
-1,100,109
-1,100,109
-1,100,109
-1,100,109
-1,100,109
-1,100,109
-1,100,109
-1,100,109
-1,100,109
-1,100,109
-1,100,109
-1,100,109
-1,100,109
-1,100,109
-1,100,109
-1,100,109
-1,100,109
-1,100,109
-1,100,109
-1,100,109
-1,100,109
-1,100,109
-1,100,109
-1,100,109
-1,100,109
-1,100,109
-1,100,109
-1,100,109
-1,100,109
-1,100,109
-1,100,109
-1,100,109
-1,100,109
-1,100,109
-1,100,109
-1,100,109
-1,100,109
-1,100,109
-1,100,109
-1,100,109
-1,100,109
-1,100,109
-1,100,109
-1,100,109
-1,100,109
-1,100,109
-1,100,109
-1,100,109
-1,100,109
-1,100,109
-1,100,109
-1,100,109
-1,100,109
-1,100,109
-1,100,109
-1,100,109
-1,100,109
-1,100,109
-1,100,109
-1,100,109
-1,100,109
-1,100,109
-1,100,109
-1,100,109
-1,100,109
-1,100,109
-1,100,109
-1,100,109
-1,100,109
-1,100,109
-1,100,109
-1,100,109
-1,100,109
-1,100,109
-1,100,109
-1,100,109
-1,100,109
-1,100,109
-1,100,109
-1,100,109
-1,100,109
-1,100,109
-1,100,109
-1,100,109
-1,100,109
-1,100,109
-1,100,109
-1,100,109
-1,100,109
-1,100,109
-1,100,109
-1,100,109
-1,100,109
-1,100,109
-1,100,109
-1,100,109
-1,100,109
-1,100,109
-1,100,109
-1,100,109
-1,100,109
-1,100,109
-1,100,109
-1,100,109
-1,100,109
-1,100,109
-1,100,109
-1,100,109
-1,100,109
-1,100,109
-1,100,109
-1,100,109
-1,100,109
-1,100,109
-1,100,109
-1,100,109
-1,100,109
-1,100,109
-1,100,109
-1,100,109
-1,100,109
-1,100,109
-1,100,109
-1,100,109
-1,100,109
-1,100,109
-1,100,109
-1,100,109
-1,100,109
-1,100,109
-1,100,109
-1,100,109
-1,100,109
-1,100,109
-1,100,109
-1,100,109
-1,100,109
-1,100,109
-1,100,109
-1,100,109
-1,100,109
-1,100,109
-1,100,109
-1,100,109
-1,100,109
-1,100,109
-1,100,109
-1,100,109
-1,100,109
-1,100,109
-1,100,109
-1,100,109
-1,100,109
-1,100,109
-1,100,109
-1,100,109
-1,100,109
-1,100,109
-1,100,109
-1,100,109
-1,100,109
-1,100,109
-1,100,109
-1,100,109
-1,100,109
-1,100,109
-1,100,109
-1,100,109
-1,100,109
-1,100,109
-1,100,109
-1,100,109
-1,100,109
-1,100,109
-1,100,109
-1,100,109
-1,100,109
-1,100,109
-1,100,109
-1,100,109
-1,100,109
-1,100,109
-1,100,109
-1,100,109
-1,100,109
-1,100,109
-1,100,109
-1,100,109
-1,100,109
-1,100,109
-1,100,109
-1,100,109
-1,100,109
-1,100,109
-1,100,109
-1,100,109
-1,100,109
-1,100,109
-1,100,109
-1,100,109
-1,100,109
-1,100,109
-1,100,109
-1,100,109
-1,100,109
-1,100,109
-1,100,109
-1,100,109
-1,100,109
-1,100,109
-1,100,109
-1,100,109
-1,100,109
-1,100,109
-1,100,109
-1,100,109
-1,100,109
-1,100,109
-1,100,109
-1,100,109
-1,100,109
-1,100,109
-1,100,109
-1,100,109
-1,100,109
-1,100,109
-1,100,109
-1,100,109
-1,100,109
-1,100,109
-1,100,109
-1,100,109
-1,100,109
-1,100,109
-1,100,109
-1,100,109
-1,100,109
-1,100,109
-1,100,109
-1,100,109
-1,100,109
-1,100,109
-1,100,109
-1,100,109
-1,100,109
-1,100,109
-1,100,109
-1,100,109
-1,100,109
-1,100,109
-1,100,109
-1,100,109
-1,100,109
-1,100,109
-1,100,109
-1,100,109
-1,100,109
-1,100,109
-1,100,109
-1,100,109
-1,100,109
-1,100,109
-1,100,109
-1,100,109
-1,100,109
-1,100,109
-1,100,109
-1,100,109
-1,100,109
-1,100,109
-1,100,109
-1,100,109
-1,100,109
-1,100,109
-1,100,109
-1,100,109
-1,100,109
-1,100,109
-1,100,109
-1,100,109
-1,100,109
-1,100,109
-1,100,109
-1,100,109
-1,100,109
-1,100,109
-1,100,109
-1,100,109
-1,100,109
-1,100,109
-1,100,109
-1,100,109
-1,100,109
-1,100,109
-1,100,109
-1,100,109
-1,100,109
-1,100,109
-1,100,109
-1,100,109
-1,100,109
-1,100,109
-1,100,109
-1,100,109
-1,100,109
-1,100,109
-1,100,109
-1,100,109
-1,100,109
-1,100,109
-1,100,109
-1,100,109
-1,100,109
-1,100,109
-1,100,109
-1,100,109
-1,100,109
-1,100,109
-1,100,109
-1,100,109
-1,100,109
-1,100,109
-1,100,109
-1,100,109
-1,100,109
-1,100,109
-1,100,109
-1,100,109
-1,100,109
-1,100,109
-1,100,109
-1,100,109
-1,100,109
-1,100,109
-1,100,109
-1,100,109
-1,100,109
-1,100,109
-1,100,109
-1,100,109
-1,100,109
-1,100,109
-1,100,109
-1,100,109
-1,100,109
-1,100,109
-1,100,109
-1,100,109
-1,100,109
-1,100,109
-1,100,109
-1,100,109
-1,100,109
-1,100,109
-1,100,109
-1,100,109
-1,100,109
-1,100,109
-1,100,109
-1,100,109
-1,100,109
-1,100,109
-1,100,109
-1,100,109
-1,100,109
-1,100,109
-1,100,109
-1,100,109
-1,100,109
-1,100,109
-1,100,109
-1,100,109
-1,100,109
-1,100,109
-1,100,109
-1,100,109
-1,100,109
-1,100,109
-1,100,109
-1,100,109
-1,100,109
-1,100,109
-1,100,109
-1,100,109
-1,100,109
-1,100,109
-1,100,109
-1,100,109
-1,100,109
-1,100,109
-1,100,109
-1,100,109
-1,100,109
-1,100,109
-1,100,109
-1,100,109
-1,100,109
-1,100,109
-1,100,109
-1,100,109
-1,100,109
-1,100,109
-1,100,109
-1,100,109
-1,100,109
-1,100,109
-1,100,109
-1,100,109
-1,100,109
-1,100,109
-1,100,109
-1,100,109
-1,100,109
-1,100,109
-1,100,109
-1,100,109
-1,100,109
-1,100,109
-1,100,109
-1,100,109
-1,100,109
-1,100,109
-1,100,109
-1,100,109
-1,100,109
-1,100,109
-1,100,109
-1,100,109
-1,100,109
-1,100,109
-1,100,109
-1,100,109
-1,100,109
-1,100,109
-1,100,109
-1,100,109
-1,100,109
-1,100,109
-1,100,109
-1,100,109
-1,100,109
-1,100,109
-1,100,109
-1,100,109
-1,100,109
-1,100,109
-1,100,109
-1,100,109
-1,100,109
-1,100,109
-1,100,109
-1,100,109
-1,100,109
-1,100,109
-1,100,109
-1,100,109
-1,100,109
-1,100,109
-1,100,109
-1,100,109
-1,100,109
-1,100,109
-1,100,109
-1,100,109
-1,100,109
-1,100,109
-1,100,109
-1,100,109
-1,100,109
-1,100,109
-1,100,109
-1,100,109
-1,100,109
-1,100,109
-1,100,109
-1,100,109
-1,100,109
-1,100,109
-1,100,109
-1,100,109
-1,100,109
-1,100,109
-1,100,109
-1,100,109
-1,100,109
-1,100,109
-1,100,109
-1,100,109
-1,100,109
-1,100,109
-1,100,109
-1,100,109
-1,100,109
-1,100,109
-1,100,109
-1,100,109
-1,100,109
-1,100,109
-1,100,109
-1,100,109
-1,100,109
-1,100,109
-1,100,109
-1,100,109
-1,100,109
-1,100,109
-1,100,109
-1,100,109
-1,100,109
-1,100,109
-1,100,109
-1,100,109
-1,100,109
-1,100,109
-1,100,109
-1,100,109
-1,100,109
-1,100,109
-1,100,109
-1,100,109
-1,100,109
-1,100,109
-1,100,109
-1,100,109
-1,100,109
-1,100,109
-1,100,109
-1,100,109
-1,100,109
-1,100,109
-1,100,109
-1,100,109
-1,100,109
-1,100,109
-1,100,109
-1,100,109
-1,100,109
-1,100,109
-1,100,109
-1,100,109
-1,100,109
-1,100,109
-1,100,109
-1,100,109
-1,100,109
-1,100,109
-1,100,109
-1,100,109
-1,100,109
-1,100,109
-1,100,109
-1,100,109
-1,100,109
-1,100,109
-1,100,109
-1,100,109
-1,100,109
-1,100,109
-1,100,109
-1,100,109
-1,100,109
-1,100,109
-1,100,109
-1,100,109
-1,100,109
-1,100,109
-1,100,109
-1,100,109
-1,100,109
-1,100,109
-1,100,109
-1,100,109
-1,100,109
-1,100,109
-1,100,109
-1,100,109
-1,100,109
-1,100,109
-1,100,109
-1,100,109
-1,100,109
-1,100,109
-1,100,109
-1,100,109
-1,100,109
-1,100,109
-1,100,109
-1,100,109
-1,100,109
-1,100,109
-1,100,109
-1,100,109
-1,100,109
-1,100,109
-1,100,109
-1,100,109
-1,100,109
-1,100,109
-1,100,109
-1,100,109
-1,100,109
-1,100,109
-1,100,109
-1,100,109
-1,100,109
-1,100,109
-1,100,109
-1,100,109
-1,100,109
-1,100,109
-1,100,109
-1,100,109
-1,100,109
-1,100,109
-1,100,109
-1,100,109
-1,100,109
-1,100,109
-1,100,109
-1,100,109
-1,100,109
-1,100,109
-1,100,109
-1,100,109
-1,100,109
-1,100,109
-1,100,109
-1,100,109
-1,100,109
-1,100,109
-1,100,109
-1,100,109
-1,100,109
-1,100,109
-1,100,109
-1,100,109
-1,100,109
-1,100,109
-1,100,109
-1,100,109
-1,100,109
-1,100,109
-1,100,109
-1,100,109
-1,100,109
-1,100,109
-1,100,109
-1,100,109
-1,100,109
-1,100,109
-1,100,109
-1,100,109
-1,100,109
-1,100,109
-1,100,109
-1,100,109
-1,100,109
-1,100,109
-1,100,109
-1,100,109
-1,100,109
-1,100,109
-1,100,109
-1,100,109
-1,100,109
-1,100,109
-1,100,109
-1,100,109
-1,100,109
-1,100,109
-1,100,109
-1,100,109
-1,100,109
-1,100,109
-1,100,109
-1,100,109
-1,100,109
-1,100,109
-1,100,109
-1,100,109
-1,100,109
-1,100,109
-1,100,109
-1,100,109
-1,100,109
-1,100,109
-1,100,109
-1,100,109
-1,100,109
-1,100,109
-1,100,109
-1,100,109
-1,100,109
-1,100,109
-1,100,109
-1,100,109
-1,100,109
-1,100,109
-1,100,109
-1,100,109
-1,100,109
-1,100,109
-1,100,109
-1,100,109
-1,100,109
-1,100,109
-1,100,109
-1,100,109
-1,100,109
-1,100,109
-1,100,109
-1,100,109
-1,100,109
-1,100,109
-1,100,109
-1,100,109
-1,100,109
-1,100,109
-1,100,109
-1,100,109
-1,100,109
-1,100,109
-1,100,109
-1,100,109
-1,100,109
-1,100,109
-1,100,109
-1,100,109
-1,100,109
-1,100,109
-1,100,109
-1,100,109
-1,100,109
-1,100,109
-1,100,109
-1,100,109
-1,100,109
-1,100,109
-1,100,109
-1,100,109
-1,100,109
-1,100,109
-1,100,109
-1,100,109
-1,100,109
-1,100,109
-1,100,109
-1,100,109
-1,100,109
-1,100,109
-1,100,109
-1,100,109
-1,100,109
-1,100,109
-1,100,109
-1,100,109
-1,100,109
-1,100,109
-1,100,109
-1,100,109
-1,100,109
-1,100,109
-1,100,109
-1,100,109
-1,100,109
-1,100,109
-1,100,109
-1,100,109
-1,100,109
-1,100,109
-1,100,109
-1,100,109
-1,100,109
-1,100,109
-1,100,109
-1,100,109
-1,100,109
-1,100,109
-1,100,109
-1,100,109
-1,100,109
-1,100,109
-1,100,109
#MOTOR_B1
-1,84,0
-1,84,0
-1,84,0
-1,84,0
-1,84,0
-1,84,0
-1,84,0
-1,84,0
-1,84,0
-1,85,0
-1,85,0
-1,85,0
-1,93,0
-1,93,0
-1,93,0
-1,93,0
1,93,0
1,93,3
1,93,6
1,93,8
1,93,11
1,93,14
1,93,17
1,93,19
1,93,22
1,93,25
1,93,28
1,93,30
1,93,33
1,93,36
1,93,39
1,93,42
1,93,44
1,93,47
1,93,50
1,93,53
1,93,55
1,93,58
1,93,61
1,93,64
1,93,66
1,94,69
1,94,72
1,94,73
1,94,73
1,94,73
1,94,73
1,94,73
1,94,73
1,94,74
1,94,74
1,94,74
1,94,74
1,94,74
1,94,74
1,94,75
1,94,75
1,94,75
1,94,75
1,94,75
1,94,75
1,94,76
1,94,76
1,94,76
1,94,76
1,94,76
1,94,76
1,94,76
1,94,77
1,94,77
1,94,77
1,94,77
1,94,77
1,94,77
1,94,78
1,94,78
1,94,78
1,94,78
1,94,78
1,94,78
1,94,79
1,94,79
1,94,79
1,94,79
1,94,79
1,94,79
1,94,79
1,94,80
1,94,80
1,94,80
1,94,80
1,94,80
1,94,80
1,94,81
1,94,81
1,94,81
1,94,81
1,94,81
1,95,81
1,95,82
1,95,82
1,95,82
1,95,82
1,95,82
1,95,82
1,95,82
1,95,82
1,95,82
1,95,82
1,95,82
1,95,82
1,95,82
1,95,82
1,95,82
1,95,82
1,95,82
1,95,82
1,95,82
1,95,83
1,95,83
1,95,83
1,95,83
1,95,83
1,95,83
1,95,83
1,95,83
1,95,83
1,95,83
1,95,83
1,95,83
1,95,83
1,95,83
1,95,83
1,95,83
1,95,83
1,95,83
1,95,84
1,95,84
1,95,84
1,95,84
1,95,84
1,95,84
1,95,84
1,96,84
1,96,84
1,96,84
1,96,84
1,96,84
1,96,84
1,96,84
1,96,84
1,96,84
1,96,84
1,96,84
1,96,85
1,96,85
1,96,85
1,96,85
1,96,85
1,96,85
1,96,85
1,96,85
1,96,85
1,96,85
1,96,85
1,96,85
1,96,85
1,96,85
1,96,85
1,97,85
1,97,85
1,97,85
1,97,86
1,97,86
1,97,86
1,97,86
1,97,86
1,97,86
1,97,86
1,97,86
1,97,86
1,97,86
1,97,86
1,97,86
1,97,86
1,97,86
1,97,86
1,97,86
1,97,86
1,97,87
1,97,87
1,97,87
1,97,87
1,97,87
1,98,87
1,98,87
1,98,87
1,98,87
1,98,87
1,98,87
1,98,87
1,98,87
1,98,87
1,98,87
1,98,87
1,98,87
1,98,87
1,98,88
1,98,88
1,98,88
1,98,88
1,98,88
1,98,88
1,98,88
1,98,88
1,98,88
1,98,88
1,98,88
1,98,88
1,98,88
1,99,88
1,99,88
1,99,88
1,99,88
1,99,88
1,99,89
1,99,89
1,99,89
1,99,89
1,99,89
1,99,89
1,99,89
1,99,89
1,99,89
1,99,89
1,99,89
1,99,89
1,99,89
1,99,89
1,99,89
1,99,89
1,99,89
1,99,89
1,99,90
1,99,90
1,99,90
1,100,90
1,100,90
1,100,90
1,100,90
1,100,90
1,100,90
1,100,90
1,100,90
1,100,90
1,100,90
1,100,90
1,100,90
1,100,90
1,100,90
1,100,90
1,100,91
1,100,91
1,100,91
1,100,91
1,100,91
1,100,91
1,100,91
1,100,91
1,100,91
1,100,91
1,101,91
1,101,91
1,101,91
1,101,91
1,101,91
1,101,91
1,101,91
1,101,91
1,101,92
1,101,92
1,101,92
1,101,92
1,101,92
1,101,92
1,101,92
1,101,92
1,101,92
1,101,92
1,101,92
1,101,92
1,101,92
1,101,92
1,101,92
1,101,92
1,101,92
1,101,92
1,102,93
1,102,93
1,102,93
1,102,93
1,102,93
1,102,93
1,102,93
1,102,93
1,102,93
1,102,93
1,102,93
1,102,93
1,102,93
1,102,93
1,102,93
1,102,93
1,102,93
1,102,93
1,102,94
1,102,94
1,103,94
1,103,94
1,103,94
1,103,94
1,103,94
1,103,94
1,103,94
1,103,94
1,103,94
1,103,94
1,103,94
1,103,94
1,103,94
1,103,94
1,103,94
1,103,94
1,103,95
1,104,95
1,104,95
1,104,95
1,104,95
1,104,95
1,104,95
1,104,95
1,104,95
1,104,95
1,104,95
1,104,95
1,104,95
1,104,95
1,104,95
1,104,95
1,104,95
1,104,95
1,105,96
1,105,96
1,105,96
1,105,96
1,105,96
1,105,96
1,105,96
1,105,96
1,105,96
1,105,96
1,105,96
1,105,96
1,105,96
1,105,96
1,105,96
1,105,96
1,105,97
1,106,97
1,106,97
1,106,97
1,106,97
1,106,97
1,106,97
1,106,97
1,106,97
1,106,97
1,106,97
1,106,97
1,106,97
1,106,97
1,106,97
1,106,97
1,106,97
1,106,97
1,106,97
1,107,97
1,107,97
1,107,97
1,107,97
1,107,97
1,107,97
1,107,97
1,107,97
1,107,98
1,107,98
1,107,98
1,107,98
1,107,98
1,107,98
1,107,98
1,107,98
1,107,98
1,107,98
1,107,98
1,107,98
1,107,98
1,107,98
1,108,98
1,108,98
1,108,98
1,108,98
1,108,98
1,108,98
1,108,98
1,108,98
1,108,98
1,108,98
1,108,98
1,108,98
1,108,98
1,108,99
1,108,99
1,108,99
1,108,99
1,108,99
1,108,99
1,108,99
1,108,99
1,109,99
1,109,99
1,109,99
1,109,99
1,109,99
1,109,99
1,109,99
1,109,99
1,109,99
1,109,99
1,109,99
1,109,99
1,109,99
1,109,99
1,109,99
1,109,99
1,109,99
1,109,99
1,109,99
1,109,100
1,109,100
1,109,100
1,110,100
1,110,100
1,110,100
1,110,100
1,110,100
1,110,100
1,110,100
1,110,100
1,110,100
1,110,100
1,110,100
1,110,100
1,110,100
1,110,100
1,110,100
1,110,100
1,110,100
1,110,100
1,110,100
1,110,100
1,110,100
1,111,100
1,111,100
1,111,100
1,111,101
1,111,101
1,111,101
1,111,101
1,111,101
1,111,101
1,111,101
1,111,101
1,111,101
1,111,101
1,111,101
1,111,101
1,111,101
1,111,101
1,111,101
1,111,101
1,111,101
1,111,101
1,111,101
1,112,101
1,112,101
1,112,101
1,112,101
1,112,101
1,112,101
1,112,101
1,112,101
1,112,102
1,112,102
1,112,102
1,112,102
1,112,102
1,112,102
1,112,102
1,112,102
1,112,102
1,112,102
1,112,102
1,112,102
1,112,102
1,113,102
1,113,102
1,113,102
1,113,102
1,113,102
1,113,102
1,113,102
1,113,102
1,113,102
1,113,102
1,113,102
1,113,102
1,113,102
1,113,102
1,113,103
1,113,103
1,113,103
1,113,103
1,113,103
1,113,103
1,113,103
1,113,103
1,114,103
1,114,103
1,114,103
1,114,103
1,114,103
1,114,103
1,114,103
1,114,103
1,114,103
1,114,103
1,114,103
1,114,103
1,114,103
1,114,103
1,114,103
1,114,103
1,114,103
1,114,103
1,114,103
1,114,104
1,114,104
1,115,104
1,115,104
1,115,104
1,115,104
1,115,104
1,115,104
1,115,104
1,115,104
1,115,104
1,115,104
1,115,104
1,115,104
1,115,104
1,115,104
1,115,104
1,115,104
1,115,104
1,115,104
1,115,104
1,115,104
1,115,104
1,116,104
1,116,104
1,116,104
1,116,104
1,116,105
1,116,105
1,116,105
1,116,105
1,116,105
1,116,105
1,116,105
1,116,105
1,116,105
1,116,105
1,116,105
1,116,105
1,116,105
1,116,105
1,116,105
1,116,105
1,116,105
1,116,105
1,117,105
1,117,105
1,117,105
1,117,105
1,117,105
1,117,105
1,117,105
1,117,105
1,117,105
1,117,106
1,117,106
1,117,106
1,117,106
1,117,106
1,117,106
1,117,106
1,117,106
1,117,106
1,117,106
1,117,106
1,117,106
1,118,106
1,118,106
1,118,106
1,118,106
1,118,106
1,118,106
1,118,106
1,118,106
1,118,106
1,118,106
1,118,106
1,118,106
1,118,106
1,118,106
1,118,106
1,118,107
1,118,107
1,118,107
1,118,107
1,118,107
1,118,107
1,118,107
1,119,107
1,119,107
1,119,107
1,119,107
1,119,107
1,119,107
1,119,107
1,119,107
1,119,107
1,119,107
1,119,107
1,119,107
1,119,107
1,119,107
1,119,107
1,119,107
1,119,107
1,119,107
1,119,107
1,119,107
1,119,108
1,120,108
1,120,108
1,120,108
1,120,108
1,120,108
1,120,108
1,120,108
1,120,108
1,120,108
1,120,108
1,120,108
1,120,108
1,120,108
1,120,108
1,120,108
1,120,108
1,120,108
1,120,108
1,120,108
1,120,108
1,120,108
1,120,108
1,121,108
1,121,108
1,121,108
1,121,108
1,121,109
1,121,109
1,121,109
1,121,109
1,121,109
1,121,109
1,121,109
1,121,109
1,121,109
1,121,109
1,121,109
1,121,109
1,121,109
1,121,109
1,121,109
1,121,109
1,121,109
1,122,109
1,122,109
1,122,109
1,122,109
1,122,109
1,122,109
1,122,109
1,122,109
1,122,109
1,122,109
1,122,109
1,122,109
1,122,109
1,122,109
1,122,110
1,122,110
1,122,110
1,122,110
1,122,110
1,122,110
1,122,110
1,122,110
1,123,110
1,123,110
1,123,110
1,123,110
1,123,110
1,123,110
1,123,110
1,123,110
1,123,110
1,122,110
1,122,110
1,122,110
1,122,110
1,122,110
1,122,110
1,122,110
1,122,110
1,122,110
1,122,110
1,123,110
1,123,110
1,123,110
1,123,110
1,123,110
1,124,110
1,124,110
1,124,110
1,124,110
1,124,110
1,124,110
1,124,110
1,124,110
1,124,110
1,124,110
1,124,110
1,124,110
1,124,110
1,124,110
1,124,110
1,124,110
1,124,110
1,124,110
1,124,110
1,125,110
1,125,111
1,125,111
1,125,111
1,125,111
1,125,111
1,125,111
1,125,111
1,125,111
1,125,111
1,125,111
1,125,111
1,125,111
1,125,111
1,125,111
1,125,111
1,125,111
1,126,111
1,126,111
1,126,111
1,126,111
1,126,111
1,126,111
1,126,111
1,126,111
1,126,111
1,126,111
#MOTOR_B2
4,90,0
4,90,0
4,90,8
4,90,17
4,90,26
4,90,34
4,90,42
4,90,51
4,90,60
4,90,60
4,90,60
4,90,60
4,90,60
4,90,59
4,90,59
4,90,59
4,90,59
4,90,59
4,90,59
4,90,59
4,90,59
4,90,58
4,90,58
4,90,58
4,90,58
4,90,58
4,90,58
4,90,58
4,90,56
4,90,55
4,90,53
4,90,52
4,90,50
4,90,49
4,90,47
4,90,46
4,90,44
4,90,43
4,90,41
4,90,40
4,90,38
4,90,33
4,90,30
4,90,26
4,90,22
4,90,19
4,90,15
4,90,11
4,90,7
4,90,4
4,90,0
4,90,0
4,90,0
4,90,0
4,90,0
4,90,0
4,90,0
4,90,0
4,90,0
4,90,0
4,90,0
4,90,0
4,90,0
4,90,0
4,90,0
4,90,0
4,90,0
4,90,0
4,90,0
4,90,0
4,90,0
4,90,0
4,90,0
4,90,0
4,90,0
4,90,0
4,90,0
4,90,0
4,90,0
-1,90,0
-1,90,0
-1,90,0
-1,90,0
-1,90,0
-1,90,0
-1,90,0
-1,90,0
-1,90,0
-1,90,0
-1,90,0
-1,90,0
-1,90,0
-1,90,0
-1,90,0
-1,90,0
-1,90,0
-1,90,0
-1,90,0
-1,90,0
-1,90,0
-1,90,0
-1,90,0
-1,90,0
-1,90,0
-1,90,0
-1,90,0
-1,90,0
-1,90,0
-1,90,0
-1,90,0
-1,90,0
-1,90,0
-1,90,0
-1,90,0
-1,90,0
-1,90,0
-1,90,0
-1,90,0
-1,90,0
-1,90,0
-1,90,0
-1,90,0
-1,90,0
-1,90,0
-1,90,0
-1,90,0
-1,100,0
-1,100,0
-1,100,0
-1,100,0
-1,100,0
-1,100,0
-1,100,0
-1,100,0
-1,100,0
-1,100,0
-1,100,0
-1,100,0
-1,100,0
-1,100,0
-1,100,0
-1,100,0
-1,100,0
-1,100,0
-1,100,0
-1,100,0
-1,100,0
-1,100,0
-1,100,0
-1,100,0
-1,100,0
-1,100,0
-1,100,0
-1,100,0
-1,100,0
-1,100,0
-1,100,0
-1,100,0
-1,100,0
-1,100,0
-1,100,0
-1,100,0
-1,100,0
-1,100,0
-1,100,0
-1,100,0
-1,100,0
-1,100,0
-1,100,0
-1,100,0
-1,100,0
-1,100,0
-1,100,0
-1,100,0
-1,100,0
-1,100,0
-1,100,0
-1,100,0
-1,100,0
-1,100,0
-1,100,0
-1,100,0
-1,100,0
-1,100,0
-1,100,0
-1,100,0
-1,100,0
-1,100,0
-1,100,0
-1,100,0
-1,100,0
-1,100,0
-1,100,0
-1,100,0
-1,100,0
-1,100,0
-1,100,0
-1,100,0
-1,100,0
-1,100,0
-1,100,0
-1,100,0
-1,100,0
-1,100,0
-1,100,0
-1,100,0
-1,100,0
-1,100,0
-1,100,0
-1,100,0
-1,100,0
-1,100,0
-1,100,0
-1,100,0
-1,100,0
-1,100,0
-1,100,0
-1,100,0
-1,100,0
-1,100,0
-1,100,0
-1,100,0
-1,100,0
-1,100,0
-1,100,0
-1,100,0
-1,100,0
-1,100,0
-1,100,0
-1,100,0
-1,100,0
-1,100,0
-1,100,0
-1,100,0
-1,100,0
-1,100,0
-1,100,0
-1,100,0
-1,100,0
-1,100,0
-1,100,0
-1,100,0
-1,100,0
-1,100,0
-1,100,0
-1,100,0
-1,100,0
-1,100,0
-1,100,0
-1,100,0
-1,100,0
-1,100,0
-1,100,0
-1,100,0
-1,100,0
-1,100,0
-1,100,0
-1,100,0
-1,100,0
-1,100,0
-1,100,0
-1,100,0
-1,100,0
-1,100,0
-1,100,0
-1,100,0
-1,100,0
-1,100,0
-1,100,0
-1,100,0
-1,100,0
-1,100,0
-1,100,0
-1,100,0
-1,100,0
-1,100,0
-1,100,0
-1,100,0
-1,100,0
-1,100,0
-1,100,0
-1,100,0
-1,100,0
-1,100,0
-1,100,0
-1,100,0
-1,100,0
-1,100,0
-1,100,0
-1,100,0
-1,100,0
-1,100,0
-1,100,0
-1,100,0
-1,100,0
-1,100,0
-1,100,0
-1,100,0
-1,100,0
-1,100,0
-1,100,0
-1,100,0
-1,100,0
-1,100,0
-1,100,0
-1,100,0
-1,100,0
-1,100,0
-1,100,0
-1,100,0
-1,100,0
-1,100,0
-1,100,0
-1,100,0
-1,100,0
-1,100,0
-1,100,0
-1,100,0
-1,100,0
-1,100,0
-1,100,0
-1,100,0
-1,100,0
-1,100,0
-1,100,0
-1,100,0
-1,100,0
-1,100,0
-1,100,0
-1,100,0
-1,100,0
-1,100,0
-1,100,0
-1,100,0
-1,100,0
-1,100,0
-1,100,0
-1,100,0
-1,100,0
-1,100,0
-1,100,0
-1,100,0
-1,100,0
-1,100,0
-1,100,0
-1,100,0
-1,100,0
-1,100,0
-1,100,0
-1,100,0
-1,100,0
-1,100,0
-1,100,0
-1,100,0
-1,100,0
-1,100,0
-1,100,0
-1,100,0
-1,100,0
-1,100,0
-1,100,0
-1,100,0
-1,100,0
-1,100,0
-1,100,0
-1,100,0
-1,100,0
-1,100,0
-1,100,0
-1,100,0
-1,100,0
-1,100,0
-1,100,0
-1,100,0
-1,100,0
-1,100,0
-1,100,0
-1,100,0
-1,100,0
-1,100,0
-1,100,0
-1,100,0
-1,100,0
-1,100,0
-1,100,0
-1,100,0
-1,100,0
-1,100,0
-1,100,0
-1,100,0
-1,100,0
-1,100,0
-1,100,0
-1,100,0
-1,100,0
-1,100,0
-1,100,0
-1,100,0
-1,100,0
-1,100,0
-1,100,0
-1,100,0
-1,100,0
-1,100,0
-1,100,0
-1,100,0
-1,100,0
-1,100,0
-1,100,0
-1,100,0
-1,100,0
-1,100,0
-1,100,0
-1,100,0
-1,100,0
-1,100,0
-1,100,0
-1,100,0
-1,100,0
-1,100,0
-1,100,0
-1,100,0
-1,100,0
-1,100,0
-1,100,0
-1,100,0
-1,100,0
-1,100,0
-1,100,0
-1,100,0
-1,100,0
-1,100,0
-1,100,0
-1,100,0
-1,100,0
-1,100,0
-1,100,0
-1,100,0
-1,100,0
-1,100,0
-1,100,0
-1,100,0
-1,100,0
-1,100,0
-1,100,0
-1,100,0
-1,100,0
-1,100,0
-1,100,0
-1,100,0
-1,100,0
-1,100,0
-1,100,0
-1,100,0
-1,100,0
-1,100,0
-1,100,0
-1,100,0
-1,100,0
-1,100,0
-1,100,0
-1,100,0
-1,100,0
-1,100,0
-1,100,0
-1,100,0
-1,100,0
-1,100,0
-1,100,0
-1,100,0
-1,100,0
-1,100,0
-1,100,0
-1,100,0
-1,100,0
-1,100,0
-1,100,0
-1,100,0
-1,100,0
-1,100,0
-1,100,0
-1,100,0
-1,100,0
-1,100,0
-1,100,0
-1,100,0
-1,100,0
-1,100,0
-1,100,0
-1,100,0
-1,100,0
-1,100,0
-1,100,0
-1,100,0
-1,100,0
-1,100,0
-1,100,0
-1,100,0
-1,100,0
-1,100,0
-1,100,0
-1,100,0
-1,100,0
-1,100,0
-1,100,0
-1,100,0
-1,100,0
-1,100,0
-1,100,0
-1,100,0
-1,100,0
-1,100,0
-1,100,0
-1,100,0
-1,100,0
-1,100,0
-1,100,0
-1,100,0
-1,100,0
-1,100,0
-1,100,0
-1,100,0
-1,100,0
-1,100,0
-1,100,0
-1,100,0
-1,100,0
-1,100,0
-1,100,0
-1,100,0
-1,100,0
-1,100,0
-1,100,0
-1,100,0
-1,100,0
-1,100,0
-1,100,0
-1,100,0
-1,100,0
-1,100,0
-1,100,0
-1,100,0
-1,100,0
-1,100,0
-1,100,0
-1,100,0
-1,100,0
-1,100,0
-1,100,0
-1,100,0
-1,100,0
-1,100,0
-1,100,0
-1,100,0
-1,100,0
-1,100,0
-1,100,0
-1,100,0
-1,100,0
-1,100,0
-1,100,0
-1,100,0
-1,100,0
-1,100,0
-1,100,0
-1,100,0
-1,100,0
-1,100,0
-1,100,0
-1,100,0
-1,100,0
-1,100,0
-1,100,0
-1,100,0
-1,100,0
-1,100,0
-1,100,0
-1,100,0
-1,100,0
-1,100,0
-1,100,0
-1,100,0
-1,100,0
-1,100,0
-1,100,0
-1,100,0
-1,100,0
-1,100,0
-1,100,0
-1,100,0
-1,100,0
-1,100,0
-1,100,0
-1,100,0
-1,100,0
-1,100,0
-1,100,0
-1,100,0
-1,100,0
-1,100,0
-1,100,0
-1,100,0
-1,100,0
-1,100,0
-1,100,0
-1,100,0
-1,100,0
-1,100,0
-1,100,0
-1,100,0
-1,100,0
-1,100,0
-1,100,0
-1,100,0
-1,100,0
-1,100,0
-1,100,0
-1,100,0
-1,100,0
-1,100,0
-1,100,0
-1,100,0
-1,100,0
-1,100,0
-1,100,0
-1,100,0
-1,100,0
-1,100,0
-1,100,0
-1,100,0
-1,100,0
-1,100,0
-1,100,0
-1,100,0
-1,100,0
-1,100,0
-1,100,0
-1,100,0
-1,100,0
-1,100,0
-1,100,0
-1,100,0
-1,100,0
-1,100,0
-1,100,0
-1,100,0
-1,100,0
-1,100,0
-1,100,0
-1,100,0
-1,100,0
-1,100,0
-1,100,0
-1,100,0
-1,100,0
-1,100,0
-1,100,0
-1,100,0
-1,100,0
-1,100,0
-1,100,0
-1,100,0
-1,100,0
-1,100,0
-1,100,0
-1,100,0
-1,100,0
-1,100,0
-1,100,0
-1,100,0
-1,100,0
-1,100,0
-1,100,0
-1,100,0
-1,100,0
-1,100,0
-1,100,0
-1,100,0
-1,100,0
-1,100,0
-1,100,0
-1,100,0
-1,100,0
-1,100,0
-1,100,0
-1,100,0
-1,100,0
-1,100,0
-1,100,0
-1,100,0
-1,100,0
-1,100,0
-1,100,0
-1,100,0
-1,100,0
-1,100,0
-1,100,0
-1,100,0
-1,100,0
-1,100,0
-1,100,0
-1,100,0
-1,100,0
-1,100,0
-1,100,0
-1,100,0
-1,100,0
-1,100,0
-1,100,0
-1,100,0
-1,100,0
-1,100,0
-1,100,0
-1,100,0
-1,100,0
-1,100,0
-1,100,0
-1,100,0
-1,100,0
-1,100,0
-1,100,0
-1,100,0
-1,100,0
-1,100,0
-1,100,0
-1,100,0
-1,100,0
-1,100,0
-1,100,0
-1,100,0
-1,100,0
-1,100,0
-1,100,0
-1,100,0
-1,100,0
-1,100,0
-1,100,0
-1,100,0
-1,100,0
-1,100,0
-1,100,0
-1,100,0
-1,100,0
-1,100,0
-1,100,0
-1,100,0
-1,100,0
-1,100,0
-1,100,0
-1,100,0
-1,100,0
-1,100,0
-1,100,0
-1,100,0
-1,100,0
-1,100,0
-1,100,0
-1,100,0
-1,100,0
-1,100,0
-1,100,0
-1,100,0
-1,100,0
-1,100,0
-1,100,0
-1,100,0
-1,100,0
-1,100,0
-1,100,0
-1,100,0
-1,100,0
-1,100,0
-1,100,0
-1,100,0
-1,100,0
-1,100,0
-1,100,0
-1,100,0
-1,100,0
-1,100,0
-1,100,0
-1,100,0
-1,100,0
-1,100,0
-1,100,0
-1,100,0
-1,100,0
-1,100,0
-1,100,0
-1,100,0
-1,100,0
-1,100,0
-1,100,0
-1,100,0
-1,100,0
-1,100,0
-1,100,0
-1,100,0
-1,100,0
-1,100,0
#
