OPENBVE15311
#ACCELERATION
0.5,1,70,90,3
1,1.5,70,90,3
2,2.5,70,90,3
3,3.6,70,90,3
#PERFORMANCE
3.6            ; Deceleration
0.35           ; CoefficientOfStaticFriction
0              ; Reserved (not used)
0.0025         ; CoefficientOfRollingResistance
1.2            ; AerodynamicDragCoefficient
#DELAY
0.1,0,0,0      ; DelayPowerUp
0.1,0,0,0      ; DelayPowerDown
0.1,0,0,0,0,0,0,0; DelayBrakeUp
0.1,0,0,0,0,0,0,0; DelayBrakeDown
0,0,0,0,0,0,0,0; DelayLocoBrakeUp (1.5.3.4+)
0,0,0,0,0,0,0,0; DelayLocoBrakeDown (1.5.3.4+)
#MOVE
1200           ; JerkPowerUp
1200           ; JerkPowerDown
3000           ; JerkBrakeUp
3000           ; JerkBrakeDown
205            ; BrakeCylinderUp
210            ; BrakeCylinderDown
#BRAKE
1              ; BrakeType
2              ; BrakeControlSystem
1              ; BrakeControlSpeed
0              ; LocoBrakeType (1.5.3.4+)
#PRESSURE
400            ; BrakeCylinderServiceMaximumPressure
465            ; BrakeCylinderEmergencyMaximumPressure
685            ; MainReservoirMinimumPressure
835            ; MainReservoirMaximumPressure
630            ; BrakePipeNormalPressure
#HANDLE
1              ; HandleType
4              ; PowerNotches
8              ; BrakeNotches
0              ; PowerNotchReduceSteps
0              ; EbHandleBehaviour (1.5.3.3+)
0              ; LocoBrakeNotches (1.5.3.4+)
0              ; LocoBrakeType (1.5.3.4+)
4              ; DriverPowerNotches
8              ; DriverBrakeNotches
#CAB
0              ; X
2700           ; Y
-800           ; Z
0              ; DriverCar
#CAR
37             ; MotorCarMass
4              ; NumberOfMotorCars
37             ; TrailerCarMass
4              ; NumberOfTrailerCars
22.8           ; LengthOfACar
0              ; FrontCarIsAMotorCar
3.1            ; WidthOfACar
3.2            ; HeightOfACar
1.5            ; CenterOfGravityHeight
5              ; ExposedFrontalArea
1.6            ; UnexposedFrontalArea
#DEVICE
1              ; Ats
2              ; Atc
0              ; Eb
1              ; ConstSpeed
0              ; HoldBrake
0              ; ReAdhesionDevice
0              ; Reserved (not used)
0              ; PassAlarm
2              ; DoorOpenMode
2              ; DoorCloseMode
1000           ; DoorWidth
0              ; DoorMaxTolerance
#MOTOR_P1
0,100.200393676758,2.40480899810791
0,100.200393676758,4.74281787872314
0,100.200393676758,7.08082675933838
0,100.200393676758,9.41883563995361
0,100.200393676758,11.7568445205688
0,100.200393676758,14.0948534011841
0,100.200393676758,16.4328632354736
0,100.200393676758,18.7708721160889
0,100.200393676758,21.1088809967041
0,100.200393676758,23.4468898773193
0,100.200393676758,25.7848987579346
0,100.200393676758,28.1229076385498
0,100.200393676758,33.1663284301758
0,100.200393676758,35.8717384338379
0,100.200393676758,38.5771484375
0,100.200393676758,41.2825584411621
0,100.200393676758,43.9879684448242
0,100.200393676758,46.6933784484863
0,100.200393676758,49.3987884521484
0,100.200393676758,52.1041984558105
0,100.200393676758,54.8096084594727
0,100.200393676758,57.5150184631348
0,100.200393676758,60.2204284667969
0,100.200393676758,62.925838470459
0,100.200393676758,65.6312484741211
0,100.200393676758,68.3366622924805
0,100.200393676758,71.0420761108398
0,100.200393676758,73.7474899291992
0,100.200393676758,76.4529037475586
0,100.200393676758,79.158317565918
0,100.200393676758,81.8637313842773
0,100.200393676758,84.5691452026367
0,100.200393676758,86.2105102539063
0,100.200393676758,87.8518905639648
0,100.200393676758,89.4932708740234
0,100.200393676758,91.134651184082
0,100.200393676758,92.7760314941406
0,100.200393676758,94.4174118041992
0,100.200393676758,96.0587921142578
0,100.200393676758,97.7001724243164
0,100.200393676758,99.341552734375
0,100.200393676758,100.982933044434
0,100.200393676758,102.624313354492
0,100.200393676758,104.265693664551
0,100.200393676758,105.907073974609
0,100.200393676758,107.548454284668
0,100.200393676758,109.189834594727
0,100.200393676758,110.831214904785
0,100.200393676758,112.472595214844
0,100.200393676758,114.113975524902
0,100.200393676758,115.755355834961
0,100.200393676758,117.39673614502
0,100.200393676758,119.038116455078
0,100.200393676758,119.123962402344
0,100.200393676758,119.209846496582
0,100.200393676758,119.29573059082
0,100.200393676758,119.381614685059
0,100.200393676758,119.467498779297
0,100.200393676758,119.553382873535
0,100.200393676758,119.639266967773
0,100.200393676758,119.725151062012
0,100.200393676758,119.81103515625
0,100.200393676758,119.896919250488
0,100.200393676758,119.982803344727
0,100.200393676758,120.068687438965
0,100.200393676758,120.154571533203
0,100.200393676758,120.240455627441
0,100.200393676758,120.32633972168
0,100.200393676758,120.412223815918
0,100.200393676758,120.498107910156
0,100.200393676758,120.583992004395
0,100.200393676758,120.669876098633
0,100.200393676758,120.755760192871
0,100.200393676758,120.841644287109
0,100.200393676758,120.927528381348
0,100.200393676758,121.013412475586
0,100.200393676758,121.099296569824
0,100.200393676758,121.185180664063
0,100.200393676758,121.271064758301
0,100.200393676758,121.356948852539
0,100.200393676758,121.442832946777
0,100.200393676758,121.528717041016
0,100.200393676758,121.614601135254
0,100.200393676758,121.700485229492
0,100.200393676758,121.78636932373
0,100.200393676758,121.872253417969
0,100.200393676758,121.958137512207
0,100.200393676758,122.044021606445
0,100.200393676758,122.129905700684
0,100.200393676758,122.215789794922
0,100.200393676758,122.30167388916
0,100.200393676758,122.387557983398
0,100.200393676758,122.473442077637
0,100.200393676758,122.559326171875
0,100.200393676758,122.645210266113
0,100.200393676758,122.731094360352
0,100.200393676758,122.81697845459
0,100.200393676758,122.902862548828
0,100.200393676758,122.988746643066
0,100.200393676758,123.074630737305
0,100.200393676758,123.160514831543
0,100.200393676758,123.246398925781
0,100.200393676758,123.33228302002
0,100.200393676758,123.418167114258
0,100.200393676758,123.504051208496
0,100.200393676758,123.589935302734
0,100.200393676758,123.675819396973
0,100.200393676758,123.761703491211
0,100.200393676758,123.847587585449
0,100.200393676758,123.933471679688
0,100.200393676758,124.019355773926
0,100.200393676758,124.105239868164
0,100.200393676758,124.191123962402
0,100.200393676758,124.277008056641
0,100.200393676758,124.362892150879
0,100.200393676758,124.448776245117
0,100.200393676758,124.534660339355
0,100.200393676758,124.620544433594
0,100.200393676758,124.706428527832
0,100.200393676758,124.79231262207
0,100.200393676758,124.878196716309
0,100.200393676758,124.964080810547
0,100.200393676758,125.049964904785
0,100.200393676758,125.135848999023
0,100.200393676758,125.221733093262
0,100.200393676758,125.3076171875
0,100.200393676758,125.393501281738
0,100.200393676758,125.479385375977
0,100.817008972168,125.565269470215
0,101.433624267578,125.651153564453
0,102.050239562988,125.737037658691
0,102.666854858398,125.82292175293
0,103.283470153809,125.908805847168
0,103.900085449219,125.994689941406
0,104.516700744629,126.080574035645
0,105.133316040039,126.166458129883
0,105.749931335449,126.252342224121
0,106.366546630859,126.338226318359
0,106.98316192627,126.424110412598
0,107.59977722168,126.509994506836
0,108.21639251709,126.595878601074
0,108.8330078125,126.681762695313
0,109.44962310791,126.767646789551
0,110.06623840332,126.853530883789
0,110.68285369873,126.939414978027
0,111.299468994141,127.025299072266
0,111.916084289551,127.111183166504
0,112.532699584961,127.197067260742
0,113.149314880371,127.28295135498
0,113.765930175781,127.368835449219
0,114.382545471191,127.454719543457
0,114.999160766602,128
0,115.615776062012,128
0,116.232391357422,128
0,116.849006652832,128
0,117.465621948242,128
0,118.082237243652,128
0,118.698852539063,128
0,119.315467834473,128
0,119.932083129883,128
0,120.548698425293,128
0,121.165313720703,128
0,121.781929016113,128
0,122.398544311523,128
0,123.015159606934,128
0,123.631774902344,128
0,124.248390197754,128
0,124.865005493164,128
0,125.481620788574,128
0,126.098236083984,128
0,126.714851379395,128
0,127.331466674805,128
0,127.948081970215,128
0,128.564697265625,128
0,129.18132019043,128
0,129.797943115234,128
0,130.414566040039,128
0,131.031188964844,128
0,131.647811889648,128
0,132.264434814453,128
0,132.881057739258,128
0,133.497680664063,128
0,134.114303588867,128
0,134.730926513672,128
0,135.347549438477,128
0,135.964172363281,128
0,136.580795288086,128
0,137.197418212891,128
0,137.814041137695,128
0,138.4306640625,128
0,139.047286987305,128
0,139.663909912109,128
0,140.280532836914,127.855712890625
0,140.897155761719,126.996849060059
0,141.513778686523,126.137985229492
0,142.130401611328,125.279121398926
0,142.747024536133,124.420257568359
0,143.363647460938,123.561393737793
0,143.980270385742,122.702529907227
0,144.596893310547,123.046096801758
0,145.213516235352,104.742835998535
0,145.830139160156,86.4395751953125
0,146.446762084961,68.1363143920898
0,147.063385009766,49.8330535888672
0,147.68000793457,31.5297908782959
4,84.1683349609375,13.2265281677246
4,84.5817947387695,17.5684680938721
4,84.9952545166016,20.8973484039307
4,85.4087142944336,24.2262287139893
4,85.8221740722656,27.5551090240479
4,86.2356338500977,30.8839893341064
4,86.6490936279297,34.2128677368164
4,87.0625534057617,37.541748046875
4,87.4760131835938,40.8706283569336
4,87.8894729614258,44.1995086669922
4,88.3029327392578,47.5283889770508
4,88.7163925170898,50.8572692871094
4,89.1298522949219,54.186149597168
4,89.5433120727539,57.5150299072266
4,89.9567718505859,60.8439102172852
4,90.370231628418,64.1727905273438
4,90.78369140625,67.5016708374023
4,91.197151184082,70.8305511474609
4,91.6106109619141,74.1594314575195
4,92.0240707397461,77.4883117675781
4,92.4375305175781,80.8171920776367
4,92.8509902954102,84.1460723876953
4,93.2644500732422,87.4749526977539
4,93.6779098510742,90.8038330078125
4,94.0913696289063,94.1327133178711
4,94.5048294067383,97.4615936279297
4,94.9182891845703,100.790473937988
4,95.3317489624023,104.119354248047
4,95.7452087402344,107.448234558105
4,96.1586685180664,110.777114868164
4,96.5721282958984,114.105995178223
4,96.9855880737305,117.434875488281
4,97.3990478515625,120.641288757324
4,97.8125076293945,121.843688964844
4,98.2259674072266,123.046089172363
4,98.6394271850586,124.248489379883
4,99.0528869628906,125.450889587402
4,99.4663467407227,126.653305053711
4,99.8798065185547,126.710563659668
4,100.293266296387,126.767822265625
4,100.706726074219,126.825080871582
4,101.120185852051,126.882339477539
4,101.533645629883,126.939598083496
4,101.947105407715,126.996856689453
4,102.360565185547,127.054107666016
4,102.774024963379,127.054107666016
4,103.187484741211,127.054107666016
4,103.600944519043,127.054107666016
4,104.014404296875,127.054107666016
4,104.427864074707,127.054107666016
4,104.841323852539,127.054107666016
4,105.254783630371,127.054107666016
4,105.668243408203,127.054107666016
4,106.081703186035,127.054107666016
4,106.495162963867,126.653305053711
4,106.908622741699,126.653305053711
4,107.322082519531,126.653305053711
4,107.735542297363,126.653305053711
4,108.149002075195,126.653305053711
4,108.562461853027,126.412826538086
4,108.975921630859,126.172348022461
4,109.389381408691,125.931869506836
4,109.802841186523,125.691390991211
4,110.216300964355,125.450904846191
4,110.629760742188,123.483329772949
4,111.04322052002,121.515754699707
4,111.456680297852,119.548179626465
4,111.870140075684,117.580604553223
4,112.283599853516,115.61302947998
4,112.697059631348,113.645454406738
4,113.11051940918,111.677879333496
4,113.523979187012,109.710304260254
4,113.937438964844,107.742729187012
4,114.350898742676,105.77515411377
4,114.764358520508,103.8076171875
4,115.17781829834,98.8376770019531
4,115.591278076172,93.8677368164063
4,116.004737854004,88.8977966308594
4,116.418197631836,83.9278564453125
4,116.831657409668,78.9579162597656
4,117.2451171875,73.9879760742188
4,117.658576965332,69.0180358886719
4,118.072036743164,64.048095703125
4,118.485496520996,59.0781555175781
4,118.898956298828,54.1082153320313
4,119.31241607666,49.1382751464844
4,119.725875854492,44.1683349609375
4,120.139335632324,39.1983947753906
4,120.552795410156,34.2284545898438
4,120.966255187988,29.2585144042969
4,121.37971496582,24.28857421875
4,121.793174743652,19.3186340332031
4,122.206634521484,14.3486938476563
4,122.620094299316,9.37875366210938
-1,123.033554077148,4.4088134765625
#MOTOR_P2
-1,100,25
-1,100,25
-1,100,25
-1,100,25
-1,100,25
-1,100,25
-1,100,25
-1,100,25
-1,100,25
-1,100,25
-1,100,25
-1,100,25
-1,100,40.764331817627
-1,100,40.8389735340169
-1,100,40.9136152504068
-1,100,40.9882569667968
-1,100,41.0628986831867
-1,100,41.1375403995767
-1,100,41.2121821159666
-1,100,41.2868238323565
-1,100,41.3614655487465
-1,100,41.4361072651364
-1,100,41.5107489815264
-1,100,41.5853906979163
-1,100,41.6600324143062
-1,96.8152866242038,42.6751592356688
-1,96.8253172208746,42.7408755408703
-1,96.8353478175454,16.9934635162354
-1,19.172119140625,17.2684726715088
-1,21.7864990234375,17.5434818267822
-1,22.3093757629395,17.8184909820557
-1,22.8322525024414,18.0935001373291
-1,23.3551292419434,18.3685092926025
-1,23.8780059814453,18.643518447876
-1,24.4008827209473,18.9185276031494
-1,26.077880859375,19.1935367584229
-1,26.7149982452393,19.4685459136963
-1,27.3521156311035,19.7435550689697
-1,27.9892330169678,20.0185642242432
-1,28.626350402832,20.2935733795166
-1,29.2634677886963,20.56858253479
-1,29.9005851745605,20.8435916900635
-1,30.5377025604248,21.1186008453369
-1,31.1748199462891,21.3936100006104
-1,31.8119373321533,21.6686191558838
-1,32.4490547180176,21.9436283111572
-1,33.0861740112305,22.2186374664307
-1,33.7232933044434,22.4936466217041
-1,34.3604125976563,22.7686557769775
-1,1,23.043664932251
-1,1.40722453594208,23.3186740875244
-1,2.81444907188416,23.5936832427979
-1,4.22167348861694,23.8686923980713
-1,5.62889814376831,24.1437015533447
-1,7.03612279891968,24.4187107086182
-1,8.44334697723389,24.6937198638916
-1,9.85057163238525,24.968729019165
-1,11.2577962875366,25.2437381744385
-1,12.665020942688,25.5187473297119
-1,14.0722455978394,25.7937564849854
-1,15.4794702529907,26.0687656402588
-1,16.8866939544678,26.3437747955322
-1,18.2939186096191,26.6187839508057
-1,19.7011432647705,26.8937931060791
-1,21.1083679199219,27.1688022613525
-1,22.5155925750732,27.443811416626
-1,23.9228172302246,27.7188205718994
-1,25.330041885376,27.9938297271729
-1,26.7372665405273,28.2688388824463
-1,28.1444911956787,28.5438480377197
-1,29.5517158508301,28.8188571929932
-1,30.9589405059814,29.0938663482666
-1,32.3661651611328,29.36887550354
-1,33.7733879089355,128.318588256836
-1,35.1806106567383,128.318588256836
-1,36.587833404541,128.318588256836
-1,37.9950561523438,128.318588256836
-1,11.3289833068848,128.318588256836
1,11.3289833068848,128.104568481445
1,11.5202789306641,128.104568481445
1,11.7115745544434,128.104568481445
1,11.9028701782227,128.104568481445
1,12.094165802002,128.104568481445
1,12.2854614257813,128.104568481445
1,12.4767570495605,128.104568481445
1,12.6680526733398,128.104568481445
1,12.8593482971191,128.104568481445
1,13.0506439208984,128.104568481445
1,13.2419395446777,128.104568481445
1,13.433235168457,128.104568481445
1,13.6245307922363,128.104568481445
1,13.8158264160156,128.104568481445
1,14.0071220397949,128.104568481445
1,14.1984176635742,128.104568481445
1,14.3897132873535,128.104568481445
1,14.5810089111328,128.104568481445
1,14.7723045349121,128.104568481445
1,14.9636001586914,128.104568481445
1,15.1548957824707,128.104568481445
1,15.34619140625,128.104568481445
1,15.5374870300293,128.104568481445
1,15.7287826538086,128.104568481445
1,15.9200782775879,128.104568481445
1,16.1113739013672,128.104568481445
1,16.3026695251465,128.104568481445
1,16.4939651489258,128.104568481445
1,16.6852607727051,128.104568481445
1,16.8765563964844,128.104568481445
1,17.0678520202637,128.104568481445
1,17.259147644043,128.104568481445
1,17.4504432678223,128.104568481445
1,17.6417388916016,128.104568481445
1,17.8330345153809,128.104568481445
1,18.0243301391602,128.104568481445
1,18.2156257629395,128.104568481445
1,18.4069213867188,128.104568481445
1,18.598217010498,128.104568481445
1,18.7895126342773,128.104568481445
1,18.9808082580566,128.104568481445
1,19.1721038818359,128.104568481445
1,19.3633995056152,128.104568481445
1,19.5546951293945,128.104568481445
1,19.7459907531738,128.104568481445
1,19.9372863769531,128.104568481445
1,20.1285820007324,128.104568481445
1,20.3198776245117,128.104568481445
1,20.511173248291,128.104568481445
1,20.7024688720703,128.104568481445
1,20.8937644958496,128.104568481445
1,21.0850601196289,128.104568481445
1,21.2763557434082,128.104568481445
1,21.4676513671875,128.104568481445
1,21.6589469909668,128.104568481445
1,21.8502426147461,127.668846130371
1,22.0415382385254,127.271003723145
1,22.2328338623047,126.873161315918
1,22.424129486084,126.475318908691
1,22.6154251098633,126.077476501465
1,22.8067207336426,125.679634094238
1,22.9980163574219,125.281791687012
1,23.1893119812012,124.883949279785
1,23.3806076049805,124.486106872559
1,23.5719032287598,124.088264465332
1,23.7631988525391,123.690422058105
1,23.9544944763184,123.292579650879
1,24.1457901000977,122.894737243652
1,24.337085723877,122.496894836426
1,24.5283813476563,122.099052429199
1,24.7196769714355,121.701210021973
1,24.9109725952148,121.303367614746
1,25.1022682189941,120.90552520752
1,25.2935638427734,120.507682800293
1,25.4848594665527,120.109840393066
1,25.676155090332,119.71199798584
1,25.8674507141113,119.314155578613
1,26.0587463378906,118.916313171387
1,26.2500419616699,117.64705657959
1,26.4413375854492,116.54320526123
1,26.6326332092285,115.439353942871
1,26.8239288330078,114.335502624512
1,27.0152244567871,113.231651306152
1,27.2065200805664,112.127799987793
1,27.3978157043457,111.023948669434
1,27.589111328125,109.920097351074
1,27.7804069519043,108.816246032715
1,27.9717025756836,107.712394714355
1,28.1629981994629,106.608543395996
1,28.3542938232422,105.504692077637
1,28.5455894470215,104.400840759277
1,28.7368850708008,103.296989440918
1,28.9281806945801,102.193138122559
1,29.1194763183594,101.089324951172
1,29.3107719421387,101.089324951172
1,29.502067565918,99.3128890991211
1,29.6933631896973,97.5364532470703
1,29.8846588134766,95.7600173950195
1,30.0759544372559,93.9835815429688
1,30.2672500610352,92.207145690918
1,30.4585456848145,90.4307098388672
1,30.6498413085938,88.6542739868164
1,30.841136932373,86.8778381347656
1,31.0324325561523,85.1014022827148
1,31.2237281799316,83.3249664306641
1,31.4150238037109,81.5485305786133
1,31.6063194274902,79.7720947265625
1,31.7976150512695,76.6884536743164
1,31.9889106750488,72.3934097290039
1,32.1802062988281,68.0983657836914
1,32.3715019226074,63.8033218383789
1,32.5627975463867,59.5082778930664
1,32.754093170166,55.2132339477539
1,32.9453887939453,50.9181900024414
1,33.1366844177246,46.6231460571289
1,33.3279800415039,40.4223022460938
1,33.5192756652832,35.2605743408203
1,33.7105712890625,30.0988464355469
1,33.9018669128418,24.9371185302734
1,34.0931625366211,19.775390625
1,34.2844581604004,14.6136636734009
1,34.4757537841797,9.45193672180176
1,34.667049407959,4.29020977020264
3,98.4749526977539,3.92156839370728
3,98.9106826782227,3.92156839370728
3,99.3464126586914,24.400857925415
3,99.7821426391602,44.8801498413086
3,100.217872619629,65.3594360351563
3,100.653602600098,85.8387298583984
3,101.089332580566,106.318023681641
3,101.525062561035,130.718948364258
3,101.960792541504,124.509796142578
3,102.396522521973,118.300643920898
3,102.832252502441,112.091491699219
3,103.26798248291,105.882339477539
3,103.703712463379,94.1176605224609
3,104.139442443848,82.9339294433594
3,104.575172424316,71.7501983642578
3,105.010902404785,65.3594741821289
3,105.446632385254,63.8344192504883
3,105.882362365723,62.3093643188477
3,106.318092346191,60.784309387207
3,106.75382232666,59.2592544555664
3,107.189552307129,58.6056594848633
3,107.625282287598,57.4074020385742
3,108.061012268066,56.2091484069824
3,108.496742248535,55.911018371582
3,108.932472229004,55.6128883361816
3,109.368202209473,55.3147583007813
3,109.803932189941,55.0166282653809
3,110.23966217041,54.7184982299805
3,110.675392150879,54.4203681945801
3,111.111122131348,54.1222381591797
3,111.546852111816,53.8241081237793
-1,111.982582092285,53.5259780883789
-1,112.418312072754,53.2278480529785
-1,42.9634475708008,52.9297180175781
-1,43.1649398803711,52.6315879821777
-1,43.3664321899414,52.3334579467773
-1,43.5679244995117,52.035327911377
-1,43.769416809082,51.7371978759766
-1,43.9709091186523,51.4390678405762
-1,44.1724014282227,51.1409378051758
-1,44.373893737793,50.8428077697754
-1,44.5753860473633,50.544677734375
-1,44.7768783569336,128.104568481445
-1,44.9783706665039,128.104568481445
-1,45.1798629760742,128.104568481445
-1,45.3813552856445,128.104568481445
-1,45.5828475952148,128.104568481445
-1,45.7843399047852,128.104568481445
-1,45.9858322143555,128.104568481445
-1,46.1873245239258,24.5406303405762
5,87.9128265380859,26.5712966918945
5,88.1638031005859,28.6019630432129
5,88.4147796630859,30.6326293945313
5,88.6657562255859,32.6632957458496
5,88.9167327880859,34.693962097168
5,89.1677093505859,36.7246284484863
5,89.4186859130859,38.7552947998047
5,89.6696624755859,40.785961151123
5,89.9206390380859,42.8166275024414
5,90.1716156005859,44.8472938537598
5,90.4225921630859,46.8779602050781
5,90.6735687255859,48.9086265563965
5,90.9245452880859,50.9392929077148
5,91.1755218505859,52.9699592590332
5,91.4264984130859,55.0006256103516
5,91.6774749755859,57.0312919616699
5,91.9284515380859,59.0619583129883
5,92.1794281005859,61.0926246643066
5,92.4304046630859,63.123291015625
5,92.6813812255859,65.1539535522461
5,92.9323577880859,67.1846160888672
5,93.1833343505859,69.2152786254883
5,93.4343109130859,71.2459411621094
5,93.6852874755859,73.2766036987305
5,93.9362640380859,75.3072662353516
5,94.1872406005859,77.3379287719727
5,94.4382171630859,79.3685913085938
5,94.6891937255859,81.3992538452148
5,94.9401702880859,83.4299163818359
5,95.1911468505859,85.460578918457
5,95.4421234130859,87.4912414550781
5,95.6930999755859,89.5219039916992
5,95.9440765380859,91.5525665283203
5,96.1950531005859,93.5832290649414
5,96.4460296630859,95.6138916015625
5,96.6970062255859,97.6445541381836
5,96.9479827880859,99.6752166748047
5,97.1989593505859,101.705879211426
5,97.4499359130859,103.736541748047
5,97.7009124755859,105.767204284668
5,97.9518890380859,107.797866821289
5,98.2028656005859,109.82852935791
5,98.4538421630859,111.859191894531
5,98.7048187255859,113.889854431152
5,98.9557952880859,115.920516967773
5,99.2067718505859,117.951179504395
5,99.4577484130859,119.981842041016
5,99.7087249755859,122.012504577637
5,99.9597015380859,124.043167114258
5,100.210678100586,126.073829650879
5,100.461654663086,127.233116149902
5,100.712631225586,127.234870910645
5,100.963607788086,127.236625671387
5,101.214584350586,127.238380432129
5,101.465560913086,127.240135192871
5,101.716537475586,127.241889953613
5,101.967514038086,127.243644714355
5,102.218490600586,127.245399475098
5,102.469467163086,127.24715423584
5,102.720443725586,127.248908996582
5,102.971420288086,127.250663757324
5,103.222396850586,127.252418518066
5,103.473373413086,127.254173278809
5,103.724349975586,127.255928039551
5,103.975326538086,127.257682800293
5,104.226303100586,127.259437561035
5,104.477279663086,127.261192321777
5,104.728256225586,127.26294708252
5,104.979232788086,127.264701843262
5,105.230209350586,127.266456604004
5,105.481185913086,127.268211364746
5,105.732162475586,127.269966125488
5,105.983139038086,127.27172088623
5,106.234115600586,127.273475646973
5,106.485092163086,127.275230407715
5,106.736068725586,127.276985168457
5,106.987045288086,127.278739929199
5,107.238021850586,127.280494689941
5,107.488998413086,127.282249450684
5,107.739974975586,127.284004211426
5,107.990951538086,127.285758972168
5,108.241928100586,127.28751373291
5,108.492904663086,127.289268493652
5,108.743881225586,127.291023254395
5,108.994857788086,127.292778015137
5,109.245834350586,127.294532775879
5,109.496810913086,127.296287536621
5,109.747787475586,127.298042297363
5,109.998764038086,127.299797058105
5,110.249740600586,127.301551818848
5,110.500717163086,127.30330657959
5,110.751693725586,127.305061340332
5,111.002670288086,127.306816101074
5,111.253646850586,127.308570861816
5,111.504623413086,127.310325622559
5,111.755599975586,127.312080383301
5,112.006576538086,127.313835144043
5,112.257553100586,127.315589904785
5,112.508529663086,127.317344665527
5,112.759506225586,127.31909942627
5,113.010482788086,127.320854187012
5,113.261459350586,127.322608947754
5,113.512435913086,127.324363708496
5,113.763412475586,127.326118469238
5,114.014389038086,127.32787322998
5,114.265365600586,127.329627990723
5,114.516342163086,127.331382751465
5,114.767318725586,127.333137512207
5,115.018295288086,127.334892272949
5,115.269271850586,127.336647033691
5,115.520248413086,127.338401794434
5,115.771224975586,127.340156555176
5,116.022201538086,127.341911315918
5,116.273178100586,127.34366607666
5,116.524154663086,127.345420837402
5,116.775131225586,127.347175598145
5,117.026107788086,127.348930358887
5,117.277084350586,127.350685119629
5,117.528060913086,127.352439880371
5,117.779037475586,127.354194641113
5,118.030014038086,127.355949401855
5,118.280990600586,127.357704162598
5,118.531967163086,127.35945892334
5,118.782943725586,127.361213684082
5,119.033920288086,127.362968444824
5,119.284896850586,127.364723205566
5,119.535873413086,127.366477966309
5,119.786849975586,127.368232727051
5,120.037826538086,127.369987487793
5,120.288803100586,127.371742248535
5,120.539779663086,127.373497009277
5,120.790756225586,127.37525177002
5,121.041732788086,127.377006530762
5,121.292709350586,127.378761291504
5,121.543685913086,127.380516052246
5,121.794662475586,127.382270812988
5,122.045639038086,127.38402557373
5,122.296615600586,127.385780334473
5,122.547592163086,127.387535095215
5,122.798568725586,127.389289855957
5,123.049545288086,127.391044616699
5,123.300521850586,127.392799377441
5,123.551498413086,127.394554138184
5,123.802474975586,127.396308898926
5,124.053451538086,127.398063659668
5,124.304428100586,127.39981842041
5,124.555404663086,127.401573181152
5,124.806381225586,127.403327941895
5,125.057357788086,127.405082702637
5,125.308334350586,127.406837463379
5,125.559310913086,127.408592224121
5,125.810287475586,127.410346984863
5,126.061264038086,127.412101745605
5,126.312240600586,127.413856506348
5,126.563217163086,127.41561126709
5,126.814193725586,127.417366027832
5,127.065170288086,127.419120788574
5,127.316146850586,127.420875549316
5,127.567123413086,127.422630310059
5,127.818099975586,127.424385070801
5,128.069076538086,127.426139831543
5,128.320053100586,127.427894592285
5,128.571029663086,127.429649353027
5,128.822006225586,127.43140411377
5,129.072982788086,127.433158874512
5,129.323959350586,127.434913635254
5,129.574935913086,127.436668395996
5,129.825912475586,127.438423156738
5,130.076889038086,127.44017791748
5,130.327865600586,127.441932678223
5,130.578842163086,127.443687438965
5,130.829818725586,127.445442199707
5,131.080795288086,127.447196960449
5,131.331771850586,127.448951721191
5,131.582748413086,127.450706481934
5,131.833724975586,127.452461242676
5,132.084701538086,127.454216003418
5,132.335678100586,127.45597076416
5,132.586654663086,127.457725524902
5,132.837631225586,127.459480285645
5,133.088607788086,127.461235046387
5,133.339584350586,127.462989807129
5,133.590560913086,127.464744567871
5,133.841537475586,127.466499328613
5,134.092514038086,127.468254089355
5,134.343490600586,127.470008850098
5,134.594467163086,127.47176361084
5,134.845443725586,127.473518371582
5,135.096420288086,127.475273132324
5,135.347396850586,127.477027893066
5,135.598373413086,127.478782653809
5,135.849349975586,127.480537414551
5,136.100326538086,127.482292175293
5,136.351303100586,127.484046936035
5,136.602279663086,127.485801696777
5,136.853256225586,127.48755645752
5,137.104232788086,127.489311218262
5,137.355209350586,127.491065979004
5,137.606185913086,127.492820739746
5,137.857162475586,127.494575500488
5,138.108139038086,127.49633026123
5,138.359115600586,127.498085021973
5,138.610092163086,127.499839782715
5,138.861068725586,127.501594543457
5,139.112045288086,127.503349304199
5,139.363021850586,127.505104064941
5,139.613998413086,127.506858825684
5,139.864974975586,127.508613586426
5,140.115951538086,127.510368347168
5,140.366928100586,127.51212310791
5,140.617904663086,127.513877868652
5,140.868881225586,127.515632629395
5,141.119857788086,127.517387390137
5,141.370834350586,127.519142150879
5,141.621810913086,127.520896911621
5,141.872787475586,127.522651672363
5,142.123764038086,127.524406433105
5,142.374740600586,127.526161193848
5,142.625717163086,127.52791595459
5,142.876693725586,127.529670715332
5,143.127670288086,127.531425476074
5,143.378646850586,127.533180236816
5,143.629623413086,127.534934997559
5,143.880599975586,127.536689758301
5,144.131576538086,127.538444519043
5,144.382553100586,127.540199279785
5,144.633529663086,127.541954040527
5,144.884506225586,127.54370880127
5,145.135482788086,127.545463562012
5,145.386459350586,127.547218322754
5,145.637435913086,127.548973083496
5,145.888412475586,127.550727844238
5,146.139389038086,127.55248260498
5,146.390365600586,127.554237365723
5,146.641342163086,127.555992126465
5,146.892318725586,127.557746887207
5,147.143295288086,127.559501647949
5,147.394271850586,127.561256408691
5,147.645248413086,127.563011169434
5,147.896224975586,127.564765930176
5,148.147201538086,127.566520690918
5,148.398178100586,127.56827545166
5,148.649154663086,127.570030212402
5,148.900131225586,127.571784973145
5,149.151107788086,127.573539733887
5,149.402084350586,127.575294494629
5,149.653060913086,127.577049255371
5,149.904037475586,127.578804016113
5,150.155014038086,127.580558776855
5,150.405990600586,127.582313537598
5,150.656967163086,127.58406829834
5,150.907943725586,127.585823059082
5,151.158920288086,127.587577819824
5,151.409896850586,127.589332580566
5,151.660873413086,127.591087341309
5,151.911849975586,127.592842102051
5,152.162826538086,127.594596862793
5,152.413803100586,127.596351623535
5,152.664779663086,127.598106384277
5,152.915756225586,127.59986114502
5,153.166732788086,127.601615905762
5,153.417709350586,127.603370666504
5,153.668685913086,127.605125427246
5,153.919662475586,127.606880187988
5,154.170639038086,127.60863494873
5,154.421615600586,127.610389709473
5,154.672592163086,127.612144470215
5,154.923568725586,127.613899230957
5,155.174545288086,127.615653991699
5,155.425521850586,127.617408752441
5,155.676498413086,127.619163513184
5,155.927474975586,127.620918273926
5,156.178451538086,127.622673034668
5,156.429428100586,127.62442779541
5,156.680404663086,127.626182556152
5,156.931381225586,127.627937316895
5,157.182357788086,127.629692077637
5,157.433334350586,127.631446838379
5,157.684310913086,127.633201599121
5,157.935287475586,127.634956359863
5,158.186264038086,127.636711120605
5,158.437240600586,127.638465881348
5,158.688217163086,127.64022064209
5,158.939193725586,127.641975402832
5,159.190170288086,127.643730163574
5,159.441146850586,127.645484924316
5,159.692123413086,127.647239685059
5,159.943099975586,127.648994445801
5,160.194076538086,127.650749206543
5,160.445053100586,127.652503967285
5,160.696029663086,127.654258728027
5,160.947006225586,127.65601348877
5,161.197982788086,127.657768249512
5,161.448959350586,127.659523010254
5,161.699935913086,127.661277770996
5,161.950912475586,127.663032531738
5,162.201889038086,127.66478729248
5,162.452865600586,127.666542053223
5,162.703842163086,127.668846130371
5,162.954818725586,126.873641967773
5,163.205795288086,126.078437805176
5,163.456771850586,125.283233642578
5,163.707748413086,124.48802947998
5,163.958724975586,123.692825317383
5,164.209701538086,122.897621154785
5,164.460678100586,122.102416992188
5,164.711654663086,121.30721282959
5,164.962631225586,120.512008666992
5,165.213607788086,119.716804504395
5,165.464584350586,118.921600341797
5,165.715560913086,118.126396179199
5,165.966537475586,117.331192016602
5,166.217514038086,116.535987854004
5,166.468490600586,115.740783691406
5,166.719467163086,114.945579528809
5,166.970443725586,114.150375366211
5,167.221420288086,113.355171203613
5,167.472396850586,112.559967041016
5,167.723373413086,111.764762878418
5,167.974349975586,110.96955871582
5,168.225326538086,110.174354553223
5,168.476303100586,109.379150390625
5,168.727279663086,108.583946228027
5,168.978256225586,107.78874206543
5,169.229232788086,106.993537902832
5,169.480209350586,106.198333740234
5,169.731185913086,105.403129577637
5,169.982162475586,104.607925415039
5,170.233139038086,103.812721252441
5,170.484115600586,103.017517089844
5,170.735092163086,102.222312927246
5,170.986068725586,101.427108764648
5,171.237045288086,100.631904602051
5,171.488021850586,99.8367004394531
5,171.738998413086,99.0414962768555
5,171.989974975586,98.2462921142578
5,172.240951538086,97.4510879516602
5,172.491928100586,96.6558837890625
5,172.742904663086,95.8606796264648
5,172.993881225586,95.0654754638672
5,173.244857788086,94.2702713012695
5,173.495834350586,93.4750671386719
5,173.746810913086,92.6798629760742
5,173.997787475586,91.8846588134766
5,174.248764038086,91.0894546508789
5,174.499740600586,90.2942504882813
5,174.750717163086,89.4990463256836
5,175.001693725586,88.7038421630859
5,175.252670288086,87.9086380004883
5,175.503646850586,87.1134338378906
5,175.754623413086,86.318229675293
5,176.005599975586,85.5230255126953
5,176.256576538086,84.7278213500977
5,176.507553100586,83.9326171875
5,176.758529663086,83.1374130249023
5,177.009506225586,82.3422088623047
5,177.260482788086,81.547004699707
5,177.511459350586,80.7518005371094
5,177.762435913086,79.9565963745117
5,178.013412475586,79.1613922119141
5,178.264389038086,78.3661880493164
5,178.515365600586,77.5709838867188
5,178.766342163086,76.7757797241211
5,179.017318725586,75.9805755615234
5,179.268295288086,75.1853713989258
5,179.519271850586,74.3901672363281
5,179.770248413086,73.5949630737305
5,180.021224975586,72.7997589111328
5,180.272201538086,72.0045547485352
5,180.523178100586,71.2093505859375
5,180.774154663086,70.4141464233398
5,181.025131225586,69.6189422607422
5,181.276107788086,68.8237380981445
5,181.527084350586,68.0285339355469
5,181.778060913086,67.2333297729492
5,182.029037475586,66.4381256103516
5,182.280014038086,65.6429214477539
5,182.530990600586,64.8477172851563
5,182.781967163086,64.0525131225586
5,183.032943725586,63.2573051452637
5,183.283920288086,62.4620971679688
5,183.534896850586,61.6668891906738
5,183.785873413086,60.8716812133789
5,184.036849975586,60.076473236084
5,184.287826538086,59.2812652587891
5,184.538803100586,58.4860572814941
5,184.789779663086,57.6908493041992
5,185.040756225586,56.8956413269043
5,185.291732788086,56.1004333496094
5,185.542709350586,55.3052253723145
5,185.793685913086,54.5100173950195
5,186.044662475586,53.7148094177246
5,186.295639038086,52.9196014404297
5,186.546615600586,52.1243934631348
5,186.797592163086,51.3291854858398
5,187.048568725586,50.5339775085449
5,187.299545288086,49.73876953125
5,187.550521850586,48.9435615539551
5,187.801498413086,48.1483535766602
5,188.052474975586,47.3531455993652
5,188.303451538086,46.5579376220703
5,188.554428100586,45.7627296447754
5,188.805404663086,44.9675216674805
5,189.056381225586,44.1723136901855
5,189.307357788086,43.3771057128906
5,189.558334350586,42.5818977355957
5,189.809310913086,41.7866897583008
5,190.060287475586,40.9914817810059
5,190.311264038086,40.1962738037109
5,190.562240600586,39.401065826416
5,190.813217163086,38.6058578491211
5,191.064193725586,37.8106498718262
5,191.315170288086,37.0154418945313
5,191.566146850586,36.2202339172363
5,191.817123413086,35.4250259399414
5,192.068099975586,34.6298179626465
5,192.319076538086,33.8346099853516
5,192.570053100586,33.0394020080566
5,192.821029663086,32.2441940307617
5,193.072006225586,31.4489879608154
5,193.322982788086,30.6537818908691
5,193.573959350586,29.8585758209229
5,193.824935913086,29.0633697509766
5,194.075912475586,28.2681636810303
5,194.326889038086,27.472957611084
5,194.577865600586,26.6777515411377
5,194.828842163086,25.8825454711914
5,195.079818725586,25.0873394012451
5,195.330795288086,24.2921333312988
5,195.581771850586,23.4969272613525
5,195.832748413086,22.7017211914063
5,196.083724975586,21.90651512146
5,196.334701538086,21.1113090515137
5,196.585678100586,20.3161029815674
5,196.836654663086,19.5208969116211
5,197.087631225586,18.7256908416748
5,197.338607788086,17.9304847717285
5,197.589584350586,17.1352787017822
5,197.840560913086,16.3400726318359
5,198.091537475586,15.5448656082153
5,198.342514038086,14.7496585845947
5,198.593490600586,13.9544515609741
5,198.844467163086,13.1592445373535
5,199.095443725586,12.3640375137329
5,199.346420288086,11.5688304901123
5,199.597396850586,10.7736234664917
5,199.848373413086,9.97841644287109
5,200.099349975586,9.18320941925049
5,200.350326538086,8.38800239562988
5,200.601303100586,7.59279537200928
5,200.852279663086,6.79758834838867
5,201.103256225586,6.00238132476807
5,201.354232788086,5.20717430114746
5,201.605209350586,4.41196727752686
5,201.856185913086,3.61676025390625
5,202.107162475586,2.82155323028564
-1,202.358139038086,2.02634620666504
#MOTOR_B1
0,100.200393676758,0
0,100.200393676758,0
0,100.200393676758,5.62864017486572
0,100.200393676758,0
0,100.200393676758,6.19015741348267
0,100.200393676758,12.3803148269653
0,100.200393676758,18.5704727172852
0,100.200393676758,24.7606296539307
0,100.200393676758,30.9507865905762
0,100.200393676758,37.1409454345703
0,100.200393676758,43.3311042785645
0,100.200393676758,49.5212631225586
0,100.200393676758,55.7114219665527
0,100.200393676758,61.9015808105469
0,100.200393676758,68.0917358398438
0,100.200393676758,74.2818908691406
0,100.200393676758,80.4720458984375
0,100.200393676758,86.6622009277344
0,100.200393676758,92.8523559570313
0,100.200393676758,99.0425109863281
0,100.200393676758,105.232666015625
0,100.200393676758,111.422821044922
0,100.200393676758,112.151573181152
0,100.200393676758,112.880302429199
0,100.200393676758,113.609031677246
0,100.200393676758,114.337760925293
0,100.200393676758,115.06649017334
0,100.200393676758,115.795219421387
0,100.200393676758,116.523948669434
0,100.200393676758,117.25267791748
0,100.200393676758,117.981407165527
0,100.200393676758,118.710136413574
0,100.200393676758,119.438865661621
0,100.200393676758,120.167594909668
0,100.200393676758,120.896324157715
0,100.200393676758,121.625053405762
0,100.200393676758,122.353782653809
0,100.200393676758,123.082511901855
0,100.200393676758,123.811241149902
0,100.200393676758,124.539970397949
0,100.200393676758,125.268699645996
0,100.200393676758,125.997428894043
0,100.200393676758,126.72615814209
0,100.200393676758,127.454887390137
0,100.200393676758,127.855712890625
0,100.200393676758,127.855712890625
0,100.200393676758,127.855712890625
0,100.200393676758,127.855712890625
0,100.200393676758,127.855712890625
0,100.200393676758,127.855712890625
0,100.200393676758,127.855712890625
0,100.200393676758,127.855712890625
0,100.200393676758,127.855712890625
0,100.200393676758,127.855712890625
0,100.200393676758,127.855712890625
0,100.200393676758,127.855712890625
0,100.200393676758,127.855712890625
0,100.200393676758,127.855712890625
0,100.200393676758,127.855712890625
0,100.200393676758,127.855712890625
0,100.200393676758,127.855712890625
0,100.200393676758,127.855712890625
0,100.200393676758,127.855712890625
0,100.200393676758,127.855712890625
0,100.200393676758,127.855712890625
0,100.200393676758,127.855712890625
0,100.200393676758,127.855712890625
0,100.200393676758,127.855712890625
0,100.200393676758,127.855712890625
0,100.200393676758,127.855712890625
0,100.200393676758,127.855712890625
0,100.200393676758,127.855712890625
0,100.200393676758,127.855712890625
0,100.200393676758,127.855712890625
0,100.200393676758,127.855712890625
0,100.200393676758,127.855712890625
0,100.200393676758,127.855712890625
0,100.200393676758,127.855712890625
0,100.200393676758,127.855712890625
0,100.200393676758,127.855712890625
0,100.200393676758,127.855712890625
0,100.200393676758,127.855712890625
0,100.200393676758,127.855712890625
0,100.200393676758,127.855712890625
0,100.200393676758,127.855712890625
0,100.200393676758,127.855712890625
0,100.200393676758,127.855712890625
0,100.200393676758,127.855712890625
0,100.200393676758,127.855712890625
0,100.200393676758,127.855712890625
0,100.200393676758,127.855712890625
0,100.200393676758,127.855712890625
0,100.200393676758,127.855712890625
0,100.200393676758,127.855712890625
0,100.200393676758,127.855712890625
0,100.200393676758,127.855712890625
0,100.200393676758,127.855712890625
0,100.200393676758,127.855712890625
0,100.200393676758,127.855712890625
0,100.200393676758,127.855712890625
0,100.376747131348,127.855712890625
0,100.553100585938,127.855712890625
0,100.729454040527,127.855712890625
0,100.905807495117,127.855712890625
0,101.082160949707,127.855712890625
0,101.258514404297,127.855712890625
0,101.434867858887,127.855712890625
0,101.611221313477,127.855712890625
0,101.787574768066,127.855712890625
0,101.963928222656,127.855712890625
0,102.140281677246,127.855712890625
0,102.316635131836,127.855712890625
0,102.492988586426,127.855712890625
0,102.669342041016,127.855712890625
0,102.845695495605,127.855712890625
0,103.022048950195,127.855712890625
0,103.198402404785,127.855712890625
0,103.374755859375,127.855712890625
0,103.551109313965,127.855712890625
0,103.727462768555,127.855712890625
0,103.903816223145,127.855712890625
0,104.080169677734,127.855712890625
0,104.256523132324,127.855712890625
0,104.432876586914,127.855712890625
0,104.609230041504,127.855712890625
0,104.785583496094,127.855712890625
0,104.961936950684,127.855712890625
0,105.138290405273,127.855712890625
0,105.314643859863,127.855712890625
0,105.490997314453,127.855712890625
0,105.667350769043,127.855712890625
0,105.843704223633,127.855712890625
0,106.020057678223,127.855712890625
0,106.196411132813,127.855712890625
0,106.372764587402,127.855712890625
0,106.549118041992,127.855712890625
0,106.725471496582,127.855712890625
0,106.901824951172,127.855712890625
0,107.078178405762,127.855712890625
0,107.254531860352,127.855712890625
0,107.430885314941,127.855712890625
0,107.607238769531,127.855712890625
0,107.783592224121,127.855712890625
0,107.959945678711,127.855712890625
0,108.136299133301,127.855712890625
0,108.312652587891,127.855712890625
0,108.48900604248,127.855712890625
0,108.66535949707,127.855712890625
0,108.84171295166,127.855712890625
0,109.01806640625,127.855712890625
-1,100.200393676758,127.855712890625
-1,100.200393676758,127.855712890625
-1,100.200393676758,127.855712890625
-1,100.200393676758,127.855712890625
-1,100.200393676758,127.855712890625
-1,100.200393676758,127.855712890625
-1,100.200393676758,51.3522324740837
-1,100.200393676758,51.3848163824023
-1,100.200393676758,51.4174002907208
-1,100.200393676758,51.4499841990394
-1,100.200393676758,51.4825681073579
-1,100.200393676758,51.5151520156765
-1,100.200393676758,51.547735923995
-1,200,51.5803198323136
-1,200,51.6129037406321
-1,200,50.4119538201741
-1,200,49.2110044145418
-1,200,48.0100550089094
-1,200,46.8091056032771
-1,200,45.6081561976447
-1,200,44.4072067920124
-1,200,43.20625738638
-1,200,42.0053079807477
-1,200,40.8043585751154
-1,200,39.603409169483
-1,200,38.4024597638507
-1,200,37.2015103582183
-1,200,36.000560952586
-1,200,34.7996115469536
-1,200,33.5986621413213
-1,200,32.397712735689
-1,200,31.1967633300566
-1,200,29.9958139244243
-1,200,28.7948645187919
-1,200,27.5939151131596
-1,200,26.3929657075272
-1,200,26.9794721407625
-1,200,25.5131960628568
-1,200,24.0469199849511
-1,200,22.5806439070454
-1,200.586517333984,21.1143678291398
-1,200.58651026393,19.6480917512341
-1,200.586511147687,18.1818156733284
-1,200.586512031445,16.7155395954228
-1,200.586512915203,15.2492635175171
-1,200.58651379896,13.7829874396114
-1,200.586514682718,12.3167113617057
-1,200.586515566476,10.8504352838001
-1,200.586516450234,9.3841592058944
-1,200.586517333991,7.91788312798873
-1,86.5731506347656,1.20240449905396
-1,86.8976058959961,2.80561447143555
14,87.2220611572266,7.91583347320557
14,87.546516418457,13.0260524749756
14,87.8709716796875,18.1362724304199
14,88.195426940918,23.2464904785156
14,88.5198822021484,28.3567085266113
14,88.8443374633789,33.466926574707
14,89.1687927246094,38.5771446228027
14,89.4932479858398,43.6873626708984
14,89.8177032470703,48.7975807189941
14,90.1421585083008,53.9077987670898
14,90.4666137695313,59.0180168151855
14,90.7910690307617,64.1282348632813
14,91.1155242919922,69.2384567260742
14,91.4399795532227,74.3486785888672
14,91.7644348144531,79.4589004516602
14,92.0888900756836,84.5691223144531
14,92.4133453369141,84.2412109375
14,92.7378005981445,86.7188949584961
14,93.062255859375,89.1965789794922
14,93.3867111206055,91.6742630004883
14,93.7111663818359,94.1519470214844
14,94.0356216430664,96.6296310424805
14,94.3600769042969,99.1073150634766
14,94.6845321655273,101.584999084473
14,95.0089874267578,104.062683105469
14,95.3334426879883,106.540367126465
14,95.6578979492188,109.018051147461
14,95.9823532104492,109.879768371582
14,96.3068084716797,110.30061340332
14,96.6312637329102,110.721458435059
14,96.9557189941406,111.142303466797
14,97.2801742553711,111.563148498535
14,97.6046295166016,111.983993530273
14,97.929084777832,112.404838562012
14,98.2535400390625,112.82568359375
14,98.577995300293,113.246528625488
14,98.9024505615234,113.667373657227
14,99.2269058227539,114.088218688965
14,99.5513610839844,114.509063720703
14,99.8758163452148,114.929908752441
14,100.200393676758,115.35075378418
14,100.538566589355,115.771598815918
14,100.876739501953,116.192443847656
14,101.214912414551,116.613288879395
14,101.553085327148,117.034133911133
14,101.891258239746,117.434867858887
14,102.229431152344,117.434867858887
14,102.567604064941,117.434867858887
14,102.905776977539,117.434867858887
14,103.243949890137,117.434867858887
14,103.582122802734,117.434867858887
14,103.920295715332,117.434867858887
14,104.25846862793,117.434867858887
14,104.596641540527,117.434867858887
14,104.934814453125,117.434867858887
14,105.272987365723,117.434867858887
14,105.61116027832,117.434867858887
14,105.949333190918,117.434867858887
14,106.287506103516,117.434867858887
14,106.625679016113,117.434867858887
14,106.963851928711,117.434867858887
14,107.302024841309,117.434867858887
14,107.640197753906,117.434867858887
14,107.978370666504,117.434867858887
14,108.316543579102,117.434867858887
14,108.654716491699,117.434867858887
14,108.992889404297,115.47093963623
14,109.331062316895,114.549095153809
14,109.669235229492,113.627250671387
14,110.00740814209,112.705406188965
14,110.345581054688,111.783561706543
14,110.683753967285,110.861717224121
14,111.021926879883,109.939872741699
14,111.36009979248,109.018028259277
14,111.698272705078,108.096183776855
14,112.036445617676,107.174339294434
14,112.374618530273,106.252494812012
14,112.712791442871,105.33065032959
14,113.050964355469,104.408805847168
14,113.389137268066,103.486961364746
14,113.727310180664,102.565116882324
14,114.065483093262,101.643272399902
14,114.403656005859,101.803604125977
14,114.741828918457,97.0321578979492
14,115.080001831055,92.2607116699219
14,115.418174743652,87.4892654418945
14,115.75634765625,82.7178192138672
14,116.094520568848,77.9463729858398
14,116.432693481445,73.1749267578125
14,116.770866394043,68.4034805297852
14,117.109039306641,63.6320343017578
14,117.447212219238,58.8605880737305
14,117.785385131836,54.0891418457031
14,118.123558044434,49.3176956176758
14,118.461730957031,44.5462493896484
14,118.799903869629,39.7748031616211
14,119.138076782227,35.0033569335938
14,119.476249694824,30.2319107055664
14,119.814422607422,25.4604644775391
14,120.15259552002,20.6890182495117
14,120.490768432617,15.9175720214844
14,120.828941345215,11.146125793457
-1,121.167114257813,6.37467908859253
#MOTOR_B2
-1,100,25
-1,100,25
-1,100,25
-1,100,25
-1,100,25
-1,100,25
-1,100,25
-1,100,25
-1,100,25
-1,100,25
-1,100,25
-1,100,25
-1,100,40.764331817627
-1,100,40.8389735340169
-1,100,40.9136152504068
-1,100,40.9882569667968
-1,100,41.0628986831867
-1,100,41.1375403995767
-1,100,41.2121821159666
-1,100,41.2868238323565
-1,100,41.3614655487465
-1,100,41.4361072651364
-1,100,41.5107489815264
-1,100,41.5853906979163
-1,100,41.6600324143062
-1,96.8152866242038,42.6751592356688
-1,96.8253172208746,42.7408755408703
-1,96.8353478175454,16.9934635162354
-1,19.172119140625,17.2684726715088
-1,21.7864990234375,17.5434818267822
-1,22.3093757629395,17.8184909820557
-1,22.8322525024414,18.0935001373291
-1,23.3551292419434,18.3685092926025
-1,23.8780059814453,18.643518447876
-1,24.4008827209473,18.9185276031494
-1,26.077880859375,19.1935367584229
-1,26.7149982452393,19.4685459136963
-1,27.3521156311035,19.7435550689697
-1,27.9892330169678,20.0185642242432
-1,28.626350402832,20.2935733795166
-1,29.2634677886963,20.56858253479
-1,29.9005851745605,20.8435916900635
-1,30.5377025604248,21.1186008453369
-1,31.1748199462891,21.3936100006104
-1,31.8119373321533,21.6686191558838
-1,32.4490547180176,21.9436283111572
-1,33.0861740112305,22.2186374664307
-1,33.7232933044434,22.4936466217041
-1,34.3604125976563,22.7686557769775
-1,1,23.043664932251
-1,1.40722453594208,23.3186740875244
-1,2.81444907188416,23.5936832427979
-1,4.22167348861694,23.8686923980713
-1,5.62889814376831,24.1437015533447
-1,7.03612279891968,24.4187107086182
-1,8.44334697723389,24.6937198638916
-1,9.85057163238525,24.968729019165
-1,11.2577962875366,25.2437381744385
-1,12.665020942688,25.5187473297119
-1,14.0722455978394,25.7937564849854
-1,15.4794702529907,26.0687656402588
-1,16.8866939544678,26.3437747955322
-1,18.2939186096191,26.6187839508057
-1,19.7011432647705,26.8937931060791
-1,21.1083679199219,27.1688022613525
-1,22.5155925750732,27.443811416626
-1,23.9228172302246,27.7188205718994
-1,25.330041885376,27.9938297271729
-1,26.7372665405273,28.2688388824463
-1,28.1444911956787,28.5438480377197
-1,29.5517158508301,28.8188571929932
-1,30.9589405059814,29.0938663482666
-1,32.3661651611328,29.36887550354
-1,33.7733879089355,128.318588256836
-1,35.1806106567383,128.318588256836
-1,36.587833404541,128.318588256836
-1,37.9950561523438,128.318588256836
-1,11.3289833068848,128.318588256836
-1,11.3289833068848,128.104568481445
-1,11.5202789306641,128.104568481445
-1,11.7115745544434,128.104568481445
-1,11.9028701782227,128.104568481445
-1,12.094165802002,128.104568481445
-1,12.2854614257813,128.104568481445
-1,12.4767570495605,128.104568481445
-1,12.6680526733398,128.104568481445
-1,12.8593482971191,128.104568481445
-1,13.0506439208984,128.104568481445
-1,13.2419395446777,128.104568481445
-1,13.433235168457,128.104568481445
-1,13.6245307922363,128.104568481445
-1,13.8158264160156,128.104568481445
-1,14.0071220397949,128.104568481445
-1,14.1984176635742,128.104568481445
-1,14.3897132873535,128.104568481445
-1,14.5810089111328,128.104568481445
-1,14.7723045349121,128.104568481445
-1,14.9636001586914,128.104568481445
-1,15.1548957824707,128.104568481445
-1,15.34619140625,128.104568481445
-1,15.5374870300293,128.104568481445
-1,15.7287826538086,128.104568481445
-1,15.9200782775879,128.104568481445
-1,16.1113739013672,128.104568481445
-1,16.3026695251465,128.104568481445
-1,16.4939651489258,128.104568481445
-1,16.6852607727051,128.104568481445
-1,16.8765563964844,128.104568481445
-1,17.0678520202637,128.104568481445
-1,17.259147644043,128.104568481445
-1,17.4504432678223,128.104568481445
-1,17.6417388916016,128.104568481445
-1,17.8330345153809,128.104568481445
-1,18.0243301391602,128.104568481445
-1,18.2156257629395,128.104568481445
-1,18.4069213867188,128.104568481445
-1,18.598217010498,128.104568481445
-1,18.7895126342773,128.104568481445
-1,18.9808082580566,128.104568481445
-1,19.1721038818359,128.104568481445
-1,19.3633995056152,128.104568481445
-1,19.5546951293945,128.104568481445
-1,19.7459907531738,128.104568481445
-1,19.9372863769531,128.104568481445
-1,20.1285820007324,128.104568481445
-1,20.3198776245117,128.104568481445
-1,20.511173248291,128.104568481445
-1,20.7024688720703,128.104568481445
-1,20.8937644958496,128.104568481445
-1,21.0850601196289,128.104568481445
-1,21.2763557434082,128.104568481445
-1,21.4676513671875,128.104568481445
-1,21.6589469909668,128.104568481445
-1,21.8502426147461,127.668846130371
-1,22.0415382385254,127.271003723145
-1,22.2328338623047,126.873161315918
-1,22.424129486084,126.475318908691
-1,80.1743011474609,4.35730218887329
-1,80.5052337646484,14.1854305267334
-1,80.8361663818359,24.013557434082
13,81.1670989990234,1.30718946456909
13,81.4980316162109,14.0678443908691
13,81.8289642333984,26.828498840332
13,82.1598968505859,39.5891532897949
13,82.4908294677734,52.3498077392578
13,82.8217620849609,65.1104583740234
13,83.1526947021484,77.8711090087891
13,83.4836273193359,90.6317596435547
13,83.8145599365234,103.39241027832
13,84.1454925537109,116.153060913086
13,84.4764251708984,128.913711547852
13,84.8073577880859,141.674362182617
13,85.1382904052734,154.435012817383
13,85.4692230224609,167.195663452148
13,85.8001556396484,179.956314086914
13,86.1310882568359,181.263580322266
13,86.4620208740234,173.304275512695
13,86.7929534912109,165.344940185547
13,87.1238861083984,157.385604858398
13,87.4548187255859,149.42626953125
13,87.7857513427734,141.466934204102
13,88.1166839599609,133.507598876953
13,88.4476165771484,125.548263549805
13,88.7785491943359,126.797386169434
13,89.1094818115234,126.755889892578
13,89.4404144287109,126.714393615723
13,89.7713470458984,126.672897338867
13,90.1022796630859,126.631401062012
13,90.4332122802734,126.589904785156
13,90.7641448974609,126.548408508301
13,91.0950775146484,126.506912231445
13,91.4260101318359,126.46541595459
13,91.7569427490234,126.423919677734
13,92.0878753662109,126.382423400879
13,92.4188079833984,126.340927124023
13,92.7497406005859,126.299430847168
13,93.0806732177734,126.257934570313
13,93.4116058349609,126.216438293457
13,93.7425384521484,126.174942016602
13,94.0734710693359,126.133445739746
13,94.4044036865234,126.091949462891
13,94.7353363037109,126.050453186035
13,95.0662689208984,126.00895690918
13,95.3972015380859,125.967460632324
13,95.7281341552734,125.925964355469
13,96.0590667724609,166.012924194336
13,96.3899993896484,160.784286499023
13,96.7209320068359,164.880142211914
13,97.0518646240234,168.975997924805
13,97.3827972412109,173.071853637695
13,97.7137298583984,177.167709350586
13,98.0446624755859,181.263565063477
13,98.3755950927734,173.105773925781
13,98.7065277099609,164.947937011719
13,99.0374603271484,156.790100097656
13,99.3683929443359,148.632263183594
13,99.6993255615234,140.474426269531
13,100.030258178711,132.316589355469
13,100.361190795898,124.158752441406
13,100.692123413086,116.000915527344
13,101.023056030273,107.843078613281
13,101.353988647461,99.6852416992188
13,101.684921264648,91.5274047851563
13,102.015853881836,83.3695678710938
13,102.346786499023,75.2117309570313
13,102.677719116211,67.0538940429688
13,103.008651733398,58.8960609436035
13,103.339584350586,50.7382278442383
13,103.670516967773,42.580394744873
13,104.001449584961,34.4225616455078
13,104.332382202148,34.4226837158203
13,104.663314819336,25.2723274230957
13,104.994247436523,20.9150314331055
13,105.325180053711,16.5577354431152
-1,105.656112670898,12.200439453125
-1,105.987045288086,7.84314393997192
-1,106.317977905273,3.48584842681885
-1,107.420166015625,63.3986892700195
-1,107.74055480957,62.2004318237305
-1,108.060943603516,61.0021743774414
-1,106.75382232666,59.8039169311523
-1,107.189552307129,58.6056594848633
-1,107.625282287598,57.4074020385742
-1,108.061012268066,56.2091484069824
-1,108.496742248535,55.911018371582
-1,108.932472229004,55.6128883361816
-1,109.368202209473,55.3147583007813
-1,109.803932189941,55.0166282653809
-1,110.23966217041,54.7184982299805
-1,110.675392150879,54.4203681945801
-1,111.111122131348,54.1222381591797
-1,111.546852111816,53.8241081237793
-1,111.982582092285,53.5259780883789
-1,112.418312072754,53.2278480529785
-1,42.9634475708008,52.9297180175781
-1,43.1649398803711,52.6315879821777
-1,43.3664321899414,52.3334579467773
-1,43.5679244995117,52.035327911377
-1,43.769416809082,51.7371978759766
-1,43.9709091186523,51.4390678405762
-1,44.1724014282227,51.1409378051758
-1,44.373893737793,50.8428077697754
-1,44.5753860473633,50.544677734375
-1,44.7768783569336,128.104568481445
-1,44.9783706665039,128.104568481445
-1,45.1798629760742,128.104568481445
-1,45.3813552856445,128.104568481445
-1,45.5828475952148,128.104568481445
-1,45.7843399047852,128.104568481445
-1,45.9858322143555,128.104568481445
-1,46.1873245239258,24.5406303405762
5,87.9128265380859,26.5712966918945
5,88.1638031005859,28.6019630432129
5,88.4147796630859,30.6326293945313
5,88.6657562255859,32.6632957458496
5,88.9167327880859,34.693962097168
5,89.1677093505859,36.7246284484863
5,89.4186859130859,38.7552947998047
5,89.6696624755859,40.785961151123
5,89.9206390380859,42.8166275024414
5,90.1716156005859,44.8472938537598
5,90.4225921630859,46.8779602050781
5,90.6735687255859,48.9086265563965
5,90.9245452880859,50.9392929077148
5,91.1755218505859,52.9699592590332
5,91.4264984130859,55.0006256103516
5,91.6774749755859,57.0312919616699
5,91.9284515380859,59.0619583129883
5,92.1794281005859,61.0926246643066
5,92.4304046630859,63.123291015625
5,92.6813812255859,65.1539535522461
5,92.9323577880859,67.1846160888672
5,93.1833343505859,69.2152786254883
5,93.4343109130859,71.2459411621094
5,93.6852874755859,73.2766036987305
5,93.9362640380859,75.3072662353516
5,94.1872406005859,77.3379287719727
5,94.4382171630859,79.3685913085938
5,94.6891937255859,81.3992538452148
5,94.9401702880859,83.4299163818359
5,95.1911468505859,85.460578918457
5,95.4421234130859,87.4912414550781
5,95.6930999755859,89.5219039916992
5,95.9440765380859,91.5525665283203
5,96.1950531005859,93.5832290649414
5,96.4460296630859,95.6138916015625
5,96.6970062255859,97.6445541381836
5,96.9479827880859,99.6752166748047
5,97.1989593505859,101.705879211426
5,97.4499359130859,103.736541748047
5,97.7009124755859,105.767204284668
5,97.9518890380859,107.797866821289
5,98.2028656005859,109.82852935791
5,98.4538421630859,111.859191894531
5,98.7048187255859,113.889854431152
5,98.9557952880859,115.920516967773
5,99.2067718505859,117.951179504395
5,99.4577484130859,119.981842041016
5,99.7087249755859,122.012504577637
5,99.9597015380859,124.043167114258
5,100.210678100586,126.073829650879
5,100.461654663086,127.233116149902
5,100.712631225586,127.234870910645
5,100.963607788086,127.236625671387
5,101.214584350586,127.238380432129
5,101.465560913086,127.240135192871
5,101.716537475586,127.241889953613
5,101.967514038086,127.243644714355
5,102.218490600586,127.245399475098
5,102.469467163086,127.24715423584
5,102.720443725586,127.248908996582
5,102.971420288086,127.250663757324
5,103.222396850586,127.252418518066
5,103.473373413086,127.254173278809
5,103.724349975586,127.255928039551
5,103.975326538086,127.257682800293
5,104.226303100586,127.259437561035
5,104.477279663086,127.261192321777
5,104.728256225586,127.26294708252
5,104.979232788086,127.264701843262
5,105.230209350586,127.266456604004
5,105.481185913086,127.268211364746
5,105.732162475586,127.269966125488
5,105.983139038086,127.27172088623
5,106.234115600586,127.273475646973
5,106.485092163086,127.275230407715
5,106.736068725586,127.276985168457
5,106.987045288086,127.278739929199
5,107.238021850586,127.280494689941
5,107.488998413086,127.282249450684
5,107.739974975586,127.284004211426
5,107.990951538086,127.285758972168
5,108.241928100586,127.28751373291
5,108.492904663086,127.289268493652
5,108.743881225586,127.291023254395
5,108.994857788086,127.292778015137
5,109.245834350586,127.294532775879
5,109.496810913086,127.296287536621
5,109.747787475586,127.298042297363
5,109.998764038086,127.299797058105
5,110.249740600586,127.301551818848
5,110.500717163086,127.30330657959
5,110.751693725586,127.305061340332
5,111.002670288086,127.306816101074
5,111.253646850586,127.308570861816
5,111.504623413086,127.310325622559
5,111.755599975586,127.312080383301
5,112.006576538086,127.313835144043
5,112.257553100586,127.315589904785
5,112.508529663086,127.317344665527
5,112.759506225586,127.31909942627
5,113.010482788086,127.320854187012
5,113.261459350586,127.322608947754
5,113.512435913086,127.324363708496
5,113.763412475586,127.326118469238
5,114.014389038086,127.32787322998
5,114.265365600586,127.329627990723
5,114.516342163086,127.331382751465
5,114.767318725586,127.333137512207
5,115.018295288086,127.334892272949
5,115.269271850586,127.336647033691
5,115.520248413086,127.338401794434
5,115.771224975586,127.340156555176
5,116.022201538086,127.341911315918
5,116.273178100586,127.34366607666
5,116.524154663086,127.345420837402
5,116.775131225586,127.347175598145
5,117.026107788086,127.348930358887
5,117.277084350586,127.350685119629
5,117.528060913086,127.352439880371
5,117.779037475586,127.354194641113
5,118.030014038086,127.355949401855
5,118.280990600586,127.357704162598
5,118.531967163086,127.35945892334
5,118.782943725586,127.361213684082
5,119.033920288086,127.362968444824
5,119.284896850586,127.364723205566
5,119.535873413086,127.366477966309
5,119.786849975586,127.368232727051
5,120.037826538086,127.369987487793
5,120.288803100586,127.371742248535
5,120.539779663086,127.373497009277
5,120.790756225586,127.37525177002
5,121.041732788086,127.377006530762
5,121.292709350586,127.378761291504
5,121.543685913086,127.380516052246
5,121.794662475586,127.382270812988
5,122.045639038086,127.38402557373
5,122.296615600586,127.385780334473
5,122.547592163086,127.387535095215
5,122.798568725586,127.389289855957
5,123.049545288086,127.391044616699
5,123.300521850586,127.392799377441
5,123.551498413086,127.394554138184
5,123.802474975586,127.396308898926
5,124.053451538086,127.398063659668
5,124.304428100586,127.39981842041
5,124.555404663086,127.401573181152
5,124.806381225586,127.403327941895
5,125.057357788086,127.405082702637
5,125.308334350586,127.406837463379
5,125.559310913086,127.408592224121
5,125.810287475586,127.410346984863
5,126.061264038086,127.412101745605
5,126.312240600586,127.413856506348
5,126.563217163086,127.41561126709
5,126.814193725586,127.417366027832
5,127.065170288086,127.419120788574
5,127.316146850586,127.420875549316
5,127.567123413086,127.422630310059
5,127.818099975586,127.424385070801
5,128.069076538086,127.426139831543
5,128.320053100586,127.427894592285
5,128.571029663086,127.429649353027
5,128.822006225586,127.43140411377
5,129.072982788086,127.433158874512
5,129.323959350586,127.434913635254
5,129.574935913086,127.436668395996
5,129.825912475586,127.438423156738
5,130.076889038086,127.44017791748
5,130.327865600586,127.441932678223
5,130.578842163086,127.443687438965
5,130.829818725586,127.445442199707
5,131.080795288086,127.447196960449
5,131.331771850586,127.448951721191
5,131.582748413086,127.450706481934
5,131.833724975586,127.452461242676
5,132.084701538086,127.454216003418
5,132.335678100586,127.45597076416
5,132.586654663086,127.457725524902
5,132.837631225586,127.459480285645
5,133.088607788086,127.461235046387
5,133.339584350586,127.462989807129
5,133.590560913086,127.464744567871
5,133.841537475586,127.466499328613
5,134.092514038086,127.468254089355
5,134.343490600586,127.470008850098
5,134.594467163086,127.47176361084
5,134.845443725586,127.473518371582
5,135.096420288086,127.475273132324
5,135.347396850586,127.477027893066
5,135.598373413086,127.478782653809
5,135.849349975586,127.480537414551
5,136.100326538086,127.482292175293
5,136.351303100586,127.484046936035
5,136.602279663086,127.485801696777
5,136.853256225586,127.48755645752
5,137.104232788086,127.489311218262
5,137.355209350586,127.491065979004
5,137.606185913086,127.492820739746
5,137.857162475586,127.494575500488
5,138.108139038086,127.49633026123
5,138.359115600586,127.498085021973
5,138.610092163086,127.499839782715
5,138.861068725586,127.501594543457
5,139.112045288086,127.503349304199
5,139.363021850586,127.505104064941
5,139.613998413086,127.506858825684
5,139.864974975586,127.508613586426
5,140.115951538086,127.510368347168
5,140.366928100586,127.51212310791
5,140.617904663086,127.513877868652
5,140.868881225586,127.515632629395
5,141.119857788086,127.517387390137
5,141.370834350586,127.519142150879
5,141.621810913086,127.520896911621
5,141.872787475586,127.522651672363
5,142.123764038086,127.524406433105
5,142.374740600586,127.526161193848
5,142.625717163086,127.52791595459
5,142.876693725586,127.529670715332
5,143.127670288086,127.531425476074
5,143.378646850586,127.533180236816
5,143.629623413086,127.534934997559
5,143.880599975586,127.536689758301
5,144.131576538086,127.538444519043
5,144.382553100586,127.540199279785
5,144.633529663086,127.541954040527
5,144.884506225586,127.54370880127
5,145.135482788086,127.545463562012
5,145.386459350586,127.547218322754
5,145.637435913086,127.548973083496
5,145.888412475586,127.550727844238
5,146.139389038086,127.55248260498
5,146.390365600586,127.554237365723
5,146.641342163086,127.555992126465
5,146.892318725586,127.557746887207
5,147.143295288086,127.559501647949
5,147.394271850586,127.561256408691
5,147.645248413086,127.563011169434
5,147.896224975586,127.564765930176
5,148.147201538086,127.566520690918
5,148.398178100586,127.56827545166
5,148.649154663086,127.570030212402
5,148.900131225586,127.571784973145
5,149.151107788086,127.573539733887
5,149.402084350586,127.575294494629
5,149.653060913086,127.577049255371
5,149.904037475586,127.578804016113
5,150.155014038086,127.580558776855
5,150.405990600586,127.582313537598
5,150.656967163086,127.58406829834
5,150.907943725586,127.585823059082
5,151.158920288086,127.587577819824
5,151.409896850586,127.589332580566
5,151.660873413086,127.591087341309
5,151.911849975586,127.592842102051
5,152.162826538086,127.594596862793
5,152.413803100586,127.596351623535
5,152.664779663086,127.598106384277
5,152.915756225586,127.59986114502
5,153.166732788086,127.601615905762
5,153.417709350586,127.603370666504
5,153.668685913086,127.605125427246
5,153.919662475586,127.606880187988
5,154.170639038086,127.60863494873
5,154.421615600586,127.610389709473
5,154.672592163086,127.612144470215
5,154.923568725586,127.613899230957
5,155.174545288086,127.615653991699
5,155.425521850586,127.617408752441
5,155.676498413086,127.619163513184
5,155.927474975586,127.620918273926
5,156.178451538086,127.622673034668
5,156.429428100586,127.62442779541
5,156.680404663086,127.626182556152
5,156.931381225586,127.627937316895
5,157.182357788086,127.629692077637
5,157.433334350586,127.631446838379
5,157.684310913086,127.633201599121
5,157.935287475586,127.634956359863
5,158.186264038086,127.636711120605
5,158.437240600586,127.638465881348
5,158.688217163086,127.64022064209
5,158.939193725586,127.641975402832
5,159.190170288086,127.643730163574
5,159.441146850586,127.645484924316
5,159.692123413086,127.647239685059
5,159.943099975586,127.648994445801
5,160.194076538086,127.650749206543
5,160.445053100586,127.652503967285
5,160.696029663086,127.654258728027
5,160.947006225586,127.65601348877
5,161.197982788086,127.657768249512
5,161.448959350586,127.659523010254
5,161.699935913086,127.661277770996
5,161.950912475586,127.663032531738
5,162.201889038086,127.66478729248
5,162.452865600586,127.666542053223
5,162.703842163086,127.668846130371
5,162.954818725586,126.873641967773
5,163.205795288086,126.078437805176
5,163.456771850586,125.283233642578
5,163.707748413086,124.48802947998
5,163.958724975586,123.692825317383
5,164.209701538086,122.897621154785
5,164.460678100586,122.102416992188
5,164.711654663086,121.30721282959
5,164.962631225586,120.512008666992
5,165.213607788086,119.716804504395
5,165.464584350586,118.921600341797
5,165.715560913086,118.126396179199
5,165.966537475586,117.331192016602
5,166.217514038086,116.535987854004
5,166.468490600586,115.740783691406
5,166.719467163086,114.945579528809
5,166.970443725586,114.150375366211
5,167.221420288086,113.355171203613
5,167.472396850586,112.559967041016
5,167.723373413086,111.764762878418
5,167.974349975586,110.96955871582
5,168.225326538086,110.174354553223
5,168.476303100586,109.379150390625
5,168.727279663086,108.583946228027
5,168.978256225586,107.78874206543
5,169.229232788086,106.993537902832
5,169.480209350586,106.198333740234
5,169.731185913086,105.403129577637
5,169.982162475586,104.607925415039
5,170.233139038086,103.812721252441
5,170.484115600586,103.017517089844
5,170.735092163086,102.222312927246
5,170.986068725586,101.427108764648
5,171.237045288086,100.631904602051
5,171.488021850586,99.8367004394531
5,171.738998413086,99.0414962768555
5,171.989974975586,98.2462921142578
5,172.240951538086,97.4510879516602
5,172.491928100586,96.6558837890625
5,172.742904663086,95.8606796264648
5,172.993881225586,95.0654754638672
5,173.244857788086,94.2702713012695
5,173.495834350586,93.4750671386719
5,173.746810913086,92.6798629760742
5,173.997787475586,91.8846588134766
5,174.248764038086,91.0894546508789
5,174.499740600586,90.2942504882813
5,174.750717163086,89.4990463256836
5,175.001693725586,88.7038421630859
5,175.252670288086,87.9086380004883
5,175.503646850586,87.1134338378906
5,175.754623413086,86.318229675293
5,176.005599975586,85.5230255126953
5,176.256576538086,84.7278213500977
5,176.507553100586,83.9326171875
5,176.758529663086,83.1374130249023
5,177.009506225586,82.3422088623047
5,177.260482788086,81.547004699707
5,177.511459350586,80.7518005371094
5,177.762435913086,79.9565963745117
5,178.013412475586,79.1613922119141
5,178.264389038086,78.3661880493164
5,178.515365600586,77.5709838867188
5,178.766342163086,76.7757797241211
5,179.017318725586,75.9805755615234
5,179.268295288086,75.1853713989258
5,179.519271850586,74.3901672363281
5,179.770248413086,73.5949630737305
5,180.021224975586,72.7997589111328
5,180.272201538086,72.0045547485352
5,180.523178100586,71.2093505859375
5,180.774154663086,70.4141464233398
5,181.025131225586,69.6189422607422
5,181.276107788086,68.8237380981445
5,181.527084350586,68.0285339355469
5,181.778060913086,67.2333297729492
5,182.029037475586,66.4381256103516
5,182.280014038086,65.6429214477539
5,182.530990600586,64.8477172851563
5,182.781967163086,64.0525131225586
5,183.032943725586,63.2573051452637
5,183.283920288086,62.4620971679688
5,183.534896850586,61.6668891906738
5,183.785873413086,60.8716812133789
5,184.036849975586,60.076473236084
5,184.287826538086,59.2812652587891
5,184.538803100586,58.4860572814941
5,184.789779663086,57.6908493041992
5,185.040756225586,56.8956413269043
5,185.291732788086,56.1004333496094
5,185.542709350586,55.3052253723145
5,185.793685913086,54.5100173950195
5,186.044662475586,53.7148094177246
5,186.295639038086,52.9196014404297
5,186.546615600586,52.1243934631348
5,186.797592163086,51.3291854858398
5,187.048568725586,50.5339775085449
5,187.299545288086,49.73876953125
5,187.550521850586,48.9435615539551
5,187.801498413086,48.1483535766602
5,188.052474975586,47.3531455993652
5,188.303451538086,46.5579376220703
5,188.554428100586,45.7627296447754
5,188.805404663086,44.9675216674805
5,189.056381225586,44.1723136901855
5,189.307357788086,43.3771057128906
5,189.558334350586,42.5818977355957
5,189.809310913086,41.7866897583008
5,190.060287475586,40.9914817810059
5,190.311264038086,40.1962738037109
5,190.562240600586,39.401065826416
5,190.813217163086,38.6058578491211
5,191.064193725586,37.8106498718262
5,191.315170288086,37.0154418945313
5,191.566146850586,36.2202339172363
5,191.817123413086,35.4250259399414
5,192.068099975586,34.6298179626465
5,192.319076538086,33.8346099853516
5,192.570053100586,33.0394020080566
5,192.821029663086,32.2441940307617
5,193.072006225586,31.4489879608154
5,193.322982788086,30.6537818908691
5,193.573959350586,29.8585758209229
5,193.824935913086,29.0633697509766
5,194.075912475586,28.2681636810303
5,194.326889038086,27.472957611084
5,194.577865600586,26.6777515411377
5,194.828842163086,25.8825454711914
5,195.079818725586,25.0873394012451
5,195.330795288086,24.2921333312988
5,195.581771850586,23.4969272613525
5,195.832748413086,22.7017211914063
5,196.083724975586,21.90651512146
5,196.334701538086,21.1113090515137
5,196.585678100586,20.3161029815674
5,196.836654663086,19.5208969116211
5,197.087631225586,18.7256908416748
5,197.338607788086,17.9304847717285
5,197.589584350586,17.1352787017822
5,197.840560913086,16.3400726318359
5,198.091537475586,15.5448656082153
5,198.342514038086,14.7496585845947
5,198.593490600586,13.9544515609741
5,198.844467163086,13.1592445373535
5,199.095443725586,12.3640375137329
5,199.346420288086,11.5688304901123
5,199.597396850586,10.7736234664917
5,199.848373413086,9.97841644287109
5,200.099349975586,9.18320941925049
5,200.350326538086,8.38800239562988
5,200.601303100586,7.59279537200928
5,200.852279663086,6.79758834838867
5,201.103256225586,6.00238132476807
5,201.354232788086,5.20717430114746
5,201.605209350586,4.41196727752686
5,201.856185913086,3.61676025390625
5,202.107162475586,2.82155323028564
-1,202.358139038086,2.02634620666504
